CIRCAD Version 4.0 -- Data File.

Setup parameters:
-gc.009,.013,.008,.012,.024,.011,0,GND,EARTH,0,0,2,7,8,10,11
-gd.1,FFFFFF,000000,FFFFFF,FFFF00
-gm7,6,3,0
-gp1,0,1.0,0,0,0,0,24
-gs0.025",2,1,5,25,100
-gx-32.0,-32.0,32.0,32.0
-gz0,0
-gtt0,0,0,0,0,0,0,0,0
-gtb0,0,0,0,0,0,0,0,0
-ga0
-gfC

Item parameters:
-il.015
-iv0,.045,.025
-ip3,0,.045,.045,.025
-it.048
-ix.096

Layer/color/plot/type/sequence/name table:
-y7
-y0:00AA00AA,00FFFF00,0,0,Pad Master
-y1:00FFFF00,000000FF,4,1,Symbols
-y2:0000AA00,00FF00FF,7,2,CAM Control
-y3:00FFFFFF,00FF00FF,0,3,Top Silk
-y4:01000000,01000000,8,4,Bottom Silk
-y5:01000000,01000000,1,5,Top Mask
-y6:01000000,01000000,9,6,Bottom Mask
-y7:00AA0000,01000000,2,7,Top Copper
-y8:000000FF,01000000,10,8,Bottom Copper
-y9:00FF5555,01000000,3,9,Vcc
-y10:005555FF,01000000,3,10,Gnd
-y11:005555FF,01000000,2,11,Mid Layer 1
-y12:0055FF55,01000000,2,12,Mid Layer 2
-y13:0055FFFF,01000000,2,13,Mid Layer 3
-y14:00FF5555,01000000,2,14,Mid Layer 4
-y15:0055FFFF,01000000,7,15,Keep Out
-y16:00FFFFFF,01000000,7,16,Top Assembly
-y17:00000000,01000000,7,17,Bottom Assembly
-y18:00FFFF55,01000000,7,18,Connections
-y19:00555555,01000000,7,19,Drill drawing
-y255:00FFFF00,01000000,7,255,Ratnest

Gerber parameters:
-dp.01,.005,0,.025,.002
-dy

Component libraries:
-b
-bTHD.LIB
-bSMD.LIB
-bANALOG.LIB
-bhardware.lib
-bPCB.LIB
-binterfac.lib
-bPARTS.LIB
-bsymbols.lib
-bxsistor.lib
-bhighvolt.lib
-bMEMORY.LIB
-bMICRO.LIB
-bradio.lib
-bECL.LIB
-bhardware.lib
-bhighvolt.lib
-binterfac.lib
-bopto.lib
-bPARTS.LIB
-bDISCRETE.LIB
-bV-Series.lib
-bdiodes.lib
-bpower.lib
-bP-Series.lib

Primary Data File:
Component: 6 0 0 X1 Y1 X2 Y2 Parameters
Text: 4 layer height X0 Y0 length angle anchor font data
Pad: 3 layer type X0 Y0 width height hole angle pin signal
Arc: 2 layer width X0 Y0 radius start sweep ellipse angle signal
Line: 1 layer width X1 Y1 X2 Y2 signal
6 0 0 13.425 -.575 17.925 .675 footer
4 1 .06 13.475 .45 .9195 0 0 0 (Except as Noted)
4 1 .186 13.5 .1 .12396 0 0 0 ñ
4 1 .186 13.5 -.225 .12396 0 0 0 ñ
4 1 .09 13.525 .55 .80996 0 0 0 Tolerances
4 1 .186 13.525 -.55 .12396 0 0 0 ñ
4 1 .06 13.65 0 .49972 0 0 0 Fractional
4 1 .126 13.7 .125 .33594 0 0 0 .005
4 1 .126 13.7 -.2 .33594 0 0 0 .030
4 1 .06 13.725 .325 .32982 0 0 0 Decimal
4 1 .06 13.725 -.325 .3498 0 0 0 Angular
4 1 .126 13.825 -.525 .14698 0 0 0 1ø
4 1 .06 14.475 .525 .12992 0 0 0 Co:
4 1 .06 14.475 .275 .23986 0 0 0 Title:
4 1 .06 14.475 .025 .32982 0 0 0 Device:
4 1 .06 14.475 -.225 .3598 0 0 0 Author:
4 1 .06 14.475 -.475 .24986 0 0 0 Date:
4 1 .126 14.925 .5 2.03662 0 0 0 Clearr Corporation
4 1 .126 14.925 -.25 .75586 0 0 0 Gary P.
4 1 .06 16.05 -.225 .1899 0 0 0 Dwg:
4 1 .126 16.3 -.25 .08398 0 0 0 A
4 1 .06 17.175 .525 .21988 0 0 0 Matl:
4 1 .06 17.175 .275 .27984 0 0 0 Scale:
4 1 .06 17.175 .025 .39978 0 0 0 Revision:
4 1 .06 17.175 -.225 .20988 0 0 0 Size:
4 1 .06 17.175 -.475 .27984 0 0 0 Sheet
4 1 .108 17.475 .5 .32382 0 0 0 Alum
4 1 .108 17.525 -.5 .05398 0 0 0 1
4 1 .108 17.575 .25 .1979 0 0 0 1:1
4 1 .126 17.65 0 .06298 0 0 0 0
4 1 .126 17.65 -.25 .08398 0 0 0 A
4 1 .06 17.65 -.475 .09994 0 0 0 of
4 1 .108 17.8 -.5 .05398 0 0 0 1
1 1 .01 14.425 -.575 14.425 .675
1 1 .01 14.425 .675 17.925 .675
1 1 .01 14.425 .425 17.925 .425
1 1 .01 14.425 .175 17.925 .175
1 1 .01 17.925 -.075 14.425 -.075
1 1 .01 14.425 -.325 17.925 -.325
1 1 .01 14.425 .675 13.425 .675
1 1 .01 13.425 .675 13.425 -.575
1 1 .01 14.425 .075 13.425 .075
1 1 .01 13.425 -.25 14.425 -.25
1 1 .01 13.425 .4 14.425 .4
0 6 0 17.925 -.575
6 0 0 2.568 2.538 3.068 2.738 IDC10A1
3 0 2 2.618 2.588 .062 .062 .028 0 1
3 0 1 2.618 2.688 .062 .062 .028 0 2
3 0 1 2.718 2.588 .062 .062 .028 0 3
3 0 1 2.718 2.688 .062 .062 .028 0 4
3 0 1 2.818 2.588 .062 .062 .028 0 5
3 0 1 2.818 2.688 .062 .062 .028 0 6
3 0 1 2.918 2.588 .062 .062 .028 0 7
3 0 1 2.918 2.688 .062 .062 .028 0 8
3 0 1 3.018 2.588 .062 .062 .028 0 9
3 0 1 3.018 2.688 .062 .062 .028 0 10
1 3 .012 2.568 2.538 2.568 2.738
1 3 .012 2.568 2.538 3.068 2.538
1 3 .012 3.068 2.538 3.068 2.738
1 3 .012 2.568 2.738 3.068 2.738
1 3 .012 2.568 2.638 2.668 2.638
1 3 .012 2.668 2.538 2.668 2.638
0 6 0 2.618 2.588
6 0 0 3.063 4.392 3.863 4.792 POWER4A2
3 0 2 3.163 4.592 .1 .1 .028 0 1
3 0 1 3.763 4.592 .1 .1 .028 0 4
3 0 1 3.563 4.592 .1 .1 .028 0 3
3 0 1 3.363 4.592 .1 .1 .028 0 2
1 3 .012 3.063 4.792 3.863 4.792
1 3 .012 3.063 4.392 3.063 4.792
1 3 .012 3.063 4.392 3.863 4.392
1 3 .012 3.863 4.392 3.863 4.792
0 6 0 3.163 4.592
6 0 0 1.654 4.29702 2.016 4.359 AXIAL0.3C1
3 0 1 1.685 4.328 .062 .062 .028 0 1
3 0 1 1.985 4.328 .062 .062 .028 0 2
1 3 .012 1.685 4.328 1.735 4.328
1 3 .012 1.935 4.298 1.935 4.328
1 3 .012 1.735 4.298 1.935 4.298
1 3 .012 1.735 4.298 1.735 4.358
1 3 .012 1.735 4.358 1.935 4.358
1 3 .012 1.935 4.328 1.935 4.358
1 3 .012 1.935 4.328 1.985 4.328
0 6 0 1.685 4.328
6 0 0 3.00202 3.915 3.064 4.277 AXIAL0.3C4
3 0 1 3.033 3.946 .062 .062 .028 0 1
3 0 1 3.033 4.246 .062 .062 .028 0 2
1 3 .012 3.033 3.946 3.033 3.996
1 3 .012 3.033 4.196 3.063 4.196
1 3 .012 3.063 3.996 3.063 4.196
1 3 .012 3.003 3.996 3.063 3.996
1 3 .012 3.003 3.996 3.003 4.196
1 3 .012 3.003 4.196 3.033 4.196
1 3 .012 3.033 4.196 3.033 4.246
0 6 0 3.033 3.946
6 0 0 2.66 4.389 3.02198 4.45098 AXIAL0.3C5
3 0 1 2.991 4.42 .062 .062 .028 0 2
3 0 1 2.691 4.42 .062 .062 .028 0 1
1 3 .012 2.941 4.42 2.991 4.42
1 3 .012 2.941 4.42 2.941 4.45
1 3 .012 2.741 4.45 2.941 4.45
1 3 .012 2.741 4.39 2.741 4.45
1 3 .012 2.741 4.39 2.941 4.39
1 3 .012 2.941 4.39 2.941 4.42
1 3 .012 2.691 4.42 2.741 4.42
0 6 0 2.691 4.42
6 0 0 6.32002 3.34506 6.77998 3.45498 CB300P70C8?æF?V
4 3 .048 6.55 3.376 .07196 0 1 0 &1
3 0 1 6.4 3.4 .07 .07 .038 0 1
3 0 1 6.7 3.4 .07 .07 .038 0 2
2 3 .01 6.35 3.37504 .025 180 90 0 0
2 3 .01 6.35 3.425 .025 90 90 0 0
2 3 .01 6.75 3.37504 .025 270 90 0 0
2 3 .01 6.75 3.425 .025 0 90 0 0
1 3 .01 6.35 3.45 6.75 3.45
1 3 .01 6.75 3.35 6.35 3.35
1 3 .01 6.325 3.37504 6.325 3.425
1 3 .01 6.775 3.37504 6.775 3.425
0 6 0 6.4 3.4
6 0 180 6.30502 3.20502 6.54494 3.29498 CD100P60C6?pF
4 3 .036 6.425 3.19 .05398 0 9 0 &1
3 0 1 6.475 3.25 .06 .06 .038 180 1
3 0 1 6.37496 3.25 .06 .06 .038 180 2
2 3 .01 6.49996 3.25 .04 270 180 0 0
2 3 .01 6.35 3.25 .04 90 180 0 0
1 3 .01 6.35 3.21 6.49996 3.21
1 3 .01 6.49996 3.29 6.35 3.29
0 6 0 6.475 3.25
6 0 270 7.75502 1.83002 7.84498 2.16998 CD200P60C10?pF
4 3 .036 7.782 2.0 .08396 90 9 0 &1
3 0 1 7.8 2.1 .06 .06 .038 270 1
3 0 1 7.8 1.9 .06 .06 .038 270 2
2 3 .01 7.8 2.125 .04 0 180 0 0
2 3 .01 7.8 1.875 .04 180 180 0 0
1 3 .01 7.84 1.875 7.84 2.125
1 3 .01 7.76 2.125 7.76 1.875
0 6 0 7.8 2.1
6 0 0 7.943 1.863 8.28698 2.20702 NHG8C9NHG8
4 3 .048 8.125 2.20702 .07196 0 1 0 &1
3 0 2 8.125 2.093 .07 .07 .033 0 1
3 0 1 8.125 1.95702 .07 .07 .033 0 2
2 3 .01 8.125 2.025 .157 0 0 0 0
1 3 .01 7.943 2.182 7.993 2.182
1 3 .01 7.968 2.20702 7.968 2.157
0 6 0 8.125 2.025
6 0 0 6.30502 3.10502 6.54498 3.19498 pcC7?pF
4 3 .036 6.425 3.21 .05398 0 1 0 &1
3 0 1 6.375 3.15 .06 .06 .038 0 1
3 0 1 6.475 3.15 .06 .06 .038 0 2
2 3 .01 6.35 3.15 .04 90 180 0 0
2 3 .01 6.5 3.15 .04 270 180 0 0
1 3 .01 6.5 3.19 6.35 3.19
1 3 .01 6.35 3.11002 6.5 3.11002
0 6 0 6.375 3.15
6 0 0 1.374 2.823 1.574 3.323 IDC10CNT1
3 0 1 1.524 2.873 .062 .062 .028 0 10
3 0 1 1.424 2.873 .062 .062 .028 0 9
3 0 1 1.524 2.973 .062 .062 .028 0 8
3 0 1 1.424 2.973 .062 .062 .028 0 7
3 0 1 1.524 3.073 .062 .062 .028 0 6
3 0 1 1.424 3.073 .062 .062 .028 0 5
3 0 1 1.524 3.173 .062 .062 .028 0 4
3 0 1 1.424 3.173 .062 .062 .028 0 3
3 0 1 1.524 3.273 .062 .062 .028 0 2
3 0 2 1.424 3.273 .062 .062 .028 0 1
1 3 .012 1.374 3.223 1.474 3.223
1 3 .012 1.474 3.223 1.474 3.323
1 3 .012 1.574 2.823 1.574 3.323
1 3 .012 1.374 2.823 1.574 2.823
1 3 .012 1.374 2.823 1.374 3.323
1 3 .012 1.374 3.323 1.574 3.323
0 6 0 1.424 3.273
6 0 0 1.384 3.642 1.584 4.142 IDC10CNT2
3 0 1 1.534 3.692 .062 .062 .028 0 10
3 0 1 1.434 3.692 .062 .062 .028 0 9
3 0 1 1.534 3.792 .062 .062 .028 0 8
3 0 1 1.434 3.792 .062 .062 .028 0 7
3 0 1 1.534 3.892 .062 .062 .028 0 6
3 0 1 1.434 3.892 .062 .062 .028 0 5
3 0 1 1.534 3.992 .062 .062 .028 0 4
3 0 1 1.434 3.992 .062 .062 .028 0 3
3 0 1 1.534 4.092 .062 .062 .028 0 2
3 0 2 1.434 4.092 .062 .062 .028 0 1
1 3 .012 1.384 4.042 1.484 4.042
1 3 .012 1.484 4.042 1.484 4.142
1 3 .012 1.584 3.642 1.584 4.142
1 3 .012 1.384 3.642 1.584 3.642
1 3 .012 1.384 3.642 1.384 4.142
1 3 .012 1.384 4.142 1.584 4.142
0 6 0 1.434 4.092
6 0 0 1.945 1.424 2.445 1.624 IDC10CNT3
3 0 1 2.395 1.574 .062 .062 .028 0 10
3 0 1 2.395 1.474 .062 .062 .028 0 9
3 0 1 2.295 1.574 .062 .062 .028 0 8
3 0 1 2.295 1.474 .062 .062 .028 0 7
3 0 1 2.195 1.574 .062 .062 .028 0 6
3 0 1 2.195 1.474 .062 .062 .028 0 5
3 0 1 2.095 1.574 .062 .062 .028 0 4
3 0 1 2.095 1.474 .062 .062 .028 0 3
3 0 1 1.995 1.574 .062 .062 .028 0 2
3 0 2 1.995 1.474 .062 .062 .028 0 1
1 3 .012 2.045 1.424 2.045 1.524
1 3 .012 1.945 1.524 2.045 1.524
1 3 .012 1.945 1.624 2.445 1.624
1 3 .012 2.445 1.424 2.445 1.624
1 3 .012 1.945 1.424 2.445 1.424
1 3 .012 1.945 1.424 1.945 1.624
0 6 0 1.995 1.474
6 0 0 5.134 1.618 5.334 2.118 IDC10CNT4
3 0 2 5.284 1.668 .062 .062 .028 0 1
3 0 1 5.184 1.668 .062 .062 .028 0 2
3 0 1 5.284 1.768 .062 .062 .028 0 3
3 0 1 5.184 1.768 .062 .062 .028 0 4
3 0 1 5.284 1.868 .062 .062 .028 0 5
3 0 1 5.184 1.868 .062 .062 .028 0 6
3 0 1 5.284 1.968 .062 .062 .028 0 7
3 0 1 5.184 1.968 .062 .062 .028 0 8
3 0 1 5.284 2.068 .062 .062 .028 0 9
3 0 1 5.184 2.068 .062 .062 .028 0 10
1 3 .012 5.134 1.618 5.334 1.618
1 3 .012 5.334 1.618 5.334 2.118
1 3 .012 5.134 2.118 5.334 2.118
1 3 .012 5.134 1.618 5.134 2.118
1 3 .012 5.234 1.618 5.234 1.718
1 3 .012 5.234 1.718 5.334 1.718
0 6 0 5.284 1.668
6 0 0 5.108 2.546 5.308 3.046 IDC10CNT5
3 0 1 5.158 2.996 .062 .062 .028 0 10
3 0 1 5.258 2.996 .062 .062 .028 0 9
3 0 1 5.158 2.896 .062 .062 .028 0 8
3 0 1 5.258 2.896 .062 .062 .028 0 7
3 0 1 5.158 2.796 .062 .062 .028 0 6
3 0 1 5.258 2.796 .062 .062 .028 0 5
3 0 1 5.158 2.696 .062 .062 .028 0 4
3 0 1 5.258 2.696 .062 .062 .028 0 3
3 0 1 5.158 2.596 .062 .062 .028 0 2
3 0 2 5.258 2.596 .062 .062 .028 0 1
1 3 .012 5.308 2.646 5.208 2.646
1 3 .012 5.208 2.546 5.208 2.646
1 3 .012 5.108 2.546 5.108 3.046
1 3 .012 5.308 3.046 5.108 3.046
1 3 .012 5.308 2.546 5.308 3.046
1 3 .012 5.308 2.546 5.108 2.546
0 6 0 5.258 2.596
6 0 180 6.76 2.185 7.24 2.265 D400P80D21N?
4 3 .048 7.0 2.249 .07196 0 9 0 &1
3 0 1 7.2 2.225 .08 .08 .048 180 K
3 0 1 6.8 2.225 .08 .08 .048 180 A
1 3 .01 7.165 2.225 7.14 2.225
1 3 .01 6.835 2.225 6.86 2.225
1 3 .01 6.86 2.265 6.86 2.185
1 3 .01 6.86 2.185 7.14 2.185
1 3 .01 7.14 2.185 7.14 2.265
1 3 .01 7.14 2.265 6.86 2.265
1 3 .01 7.1 2.265 7.1 2.185
0 6 0 7.2 2.225
6 0 180 7.31002 2.185 7.79 2.265 D400P80D31N?
4 3 .048 7.55 2.249 .07196 0 9 0 &1
3 0 1 7.75 2.225 .08 .08 .048 180 K
3 0 1 7.35 2.225 .08 .08 .048 180 A
1 3 .01 7.715 2.225 7.69 2.225
1 3 .01 7.385 2.225 7.41 2.225
1 3 .01 7.41 2.265 7.41 2.185
1 3 .01 7.41 2.185 7.69 2.185
1 3 .01 7.69 2.185 7.69 2.265
1 3 .01 7.69 2.265 7.41 2.265
1 3 .01 7.65 2.265 7.65 2.185
0 6 0 7.75 2.225
6 0 180 9.56002 3.06002 10.04 3.14 D400P80D41N?
4 3 .048 9.8 3.124 .07196 0 9 0 &1
3 0 1 10.0 3.1 .08 .08 .048 180 K
3 0 1 9.6 3.1 .08 .08 .048 180 A
1 3 .01 9.965 3.1 9.94 3.1
1 3 .01 9.635 3.1 9.66 3.1
1 3 .01 9.66 3.14 9.66 3.06002
1 3 .01 9.66 3.06002 9.94 3.06002
1 3 .01 9.94 3.06002 9.94 3.14
1 3 .01 9.94 3.14 9.66 3.14
1 3 .01 9.9 3.14 9.9 3.06002
0 6 0 10.0 3.1
6 0 180 9.86002 6.16 10.34 6.24 D400P80D51N?
4 3 .048 10.1 6.22398 .07196 0 9 0 &1
3 0 1 10.3 6.2 .08 .08 .048 180 K
3 0 1 9.9 6.2 .08 .08 .048 180 A
1 3 .01 10.265 6.2 10.24 6.2
1 3 .01 9.935 6.2 9.96 6.2
1 3 .01 9.96 6.24 9.96 6.16
1 3 .01 9.96 6.16 10.24 6.16
1 3 .01 10.24 6.16 10.24 6.24
1 3 .01 10.24 6.24 9.96 6.24
1 3 .01 10.2 6.24 10.2 6.16
0 6 0 10.3 6.2
6 0 90 8.045 3.32 8.23 3.53 LEDD1LED
4 3 .048 8.3 3.425 .07196 90 1 0 &1
3 0 1 8.2 3.425 .06 .06 .038 90 K
3 0 1 8.1 3.425 .06 .06 .038 90 A
2 3 .01 8.15 3.425 .1 45 270 0 0
1 3 .01 8.221 3.354 8.221 3.496
0 6 0 8.15 3.425
6 0 90 10.10502 2.175 10.405 3.175 F20F2?AmpSlo-Blo
4 3 .048 10.225 2.675 .1679 90 1 0 &2
4 3 .048 10.315 2.675 .26386 90 1 0 &3
3 0 1 10.255 3.1 .15 .15 .078 90 0
3 0 1 10.255 2.9 .15 .15 .078 90 0
3 0 1 10.255 2.45 .15 .15 .078 90 0
3 0 1 10.255 2.25 .15 .15 .078 90 0
1 3 .01 10.405 3.075 10.10502 3.075
1 3 .01 10.10502 3.075 10.10502 2.875
1 3 .01 10.10502 2.875 10.405 2.875
1 3 .01 10.405 2.875 10.405 3.075
1 3 .01 10.405 2.475 10.10502 2.475
1 3 .01 10.10502 2.475 10.10502 2.275
1 3 .01 10.10502 2.275 10.405 2.275
1 3 .01 10.405 2.275 10.405 2.475
1 3 .01 10.35502 2.475 10.35502 2.875
1 3 .01 10.155 2.875 10.155 2.475
0 6 0 10.255 2.675
6 0 90 10.40502 5.275 10.705 6.275 F20F3?AmpSlo-Blo
4 3 .048 10.525 5.775 .1679 90 1 0 &2
4 3 .048 10.615 5.775 .26386 90 1 0 &3
3 0 1 10.555 6.2 .15 .15 .078 90 0
3 0 1 10.555 5.99998 .15 .15 .078 90 0
3 0 1 10.555 5.54998 .15 .15 .078 90 0
3 0 1 10.555 5.35 .15 .15 .078 90 0
1 3 .01 10.705 6.17498 10.40502 6.17498
1 3 .01 10.40502 6.17498 10.40502 5.975
1 3 .01 10.40502 5.975 10.705 5.975
1 3 .01 10.705 5.975 10.705 6.17498
1 3 .01 10.705 5.575 10.40502 5.575
1 3 .01 10.40502 5.575 10.40502 5.37498
1 3 .01 10.40502 5.37498 10.705 5.37498
1 3 .01 10.705 5.37498 10.705 5.575
1 3 .01 10.65502 5.575 10.65502 5.975
1 3 .01 10.455 5.975 10.455 5.575
0 6 0 10.555 5.775
6 0 0 2.265 3.917 2.969 4.279 DIP14IC2
3 0 2 2.319 3.948 .062 .062 .025 0 1
3 0 1 2.419 3.948 .062 .062 .025 0 2
3 0 1 2.519 3.948 .062 .062 .025 0 3
3 0 1 2.619 3.948 .062 .062 .025 0 4
3 0 1 2.719 3.948 .062 .062 .025 0 5
3 0 1 2.819 3.948 .062 .062 .025 0 6
3 0 1 2.919 3.948 .062 .062 .025 0 7
3 0 1 2.919 4.248 .062 .062 .025 0 8
3 0 1 2.819 4.248 .062 .062 .025 0 9
3 0 1 2.719 4.248 .062 .062 .025 0 10
3 0 1 2.619 4.248 .062 .062 .025 0 11
3 0 1 2.519 4.248 .062 .062 .025 0 12
3 0 1 2.419 4.248 .062 .062 .025 0 13
3 0 1 2.319 4.248 .062 .062 .025 0 14
2 3 .008 2.269 4.098 .025 270 180 0 0
1 3 .008 2.269 3.998 2.269 4.073
1 3 .008 2.269 4.123 2.269 4.198
1 3 .008 2.269 4.198 2.969 4.198
1 3 .008 2.969 3.998 2.969 4.198
1 3 .008 2.269 3.998 2.969 3.998
0 6 0 2.319 3.948
6 0 270 6.85 3.375 7.05 3.875 IDC10ISPIDC10
4 3 .048 7.075 3.625 .11194 90 9 0 &1
3 0 2 6.9 3.825 .06 .06 .038 270 1
3 0 1 7.0 3.825 .06 .06 .038 270 2
3 0 1 6.9 3.72498 .06 .06 .038 270 3
3 0 1 7.0 3.72498 .06 .06 .038 270 4
3 0 1 6.9 3.625 .06 .06 .038 270 5
3 0 1 7.0 3.625 .06 .06 .038 270 6
3 0 1 6.9 3.525 .06 .06 .038 270 7
3 0 1 7.0 3.525 .06 .06 .038 270 8
3 0 1 6.9 3.425 .06 .06 .038 270 9
3 0 1 7.0 3.425 .06 .06 .038 270 10
1 3 .01 6.85 3.875 7.05 3.875
1 3 .01 7.05 3.875 7.05 3.375
1 3 .01 7.05 3.375 6.85 3.375
1 3 .01 6.85 3.375 6.85 3.875
1 3 .01 6.85 3.775 6.95 3.775
1 3 .01 6.95 3.775 6.95 3.875
0 6 0 6.9 3.825
6 0 0 3.15702 1.63 3.81898 3.634 DIP40MEGA16
3 0 1 3.788 3.58 .062 .062 .025 0 40
3 0 1 3.788 3.48 .062 .062 .025 0 39
3 0 1 3.788 3.38 .062 .062 .025 0 38
3 0 1 3.788 3.28 .062 .062 .025 0 37
3 0 1 3.788 3.18 .062 .062 .025 0 36
3 0 1 3.788 3.08 .062 .062 .025 0 35
3 0 1 3.788 2.98 .062 .062 .025 0 34
3 0 1 3.788 2.88 .062 .062 .025 0 33
3 0 1 3.788 2.78 .062 .062 .025 0 32
3 0 1 3.788 2.68 .062 .062 .025 0 31
3 0 1 3.788 2.58 .062 .062 .025 0 30
3 0 1 3.788 2.48 .062 .062 .025 0 29
3 0 1 3.788 2.38 .062 .062 .025 0 28
3 0 1 3.788 2.28 .062 .062 .025 0 27
3 0 1 3.788 2.18 .062 .062 .025 0 26
3 0 1 3.788 2.08 .062 .062 .025 0 25
3 0 1 3.788 1.98 .062 .062 .025 0 24
3 0 1 3.788 1.88 .062 .062 .025 0 23
3 0 1 3.788 1.78 .062 .062 .025 0 22
3 0 1 3.788 1.68 .062 .062 .025 0 21
3 0 1 3.188 1.68 .062 .062 .025 0 20
3 0 1 3.188 1.78 .062 .062 .025 0 19
3 0 1 3.188 1.88 .062 .062 .025 0 18
3 0 1 3.188 1.98 .062 .062 .025 0 17
3 0 1 3.188 2.08 .062 .062 .025 0 16
3 0 1 3.188 2.18 .062 .062 .025 0 15
3 0 1 3.188 2.28 .062 .062 .025 0 14
3 0 1 3.188 2.38 .062 .062 .025 0 13
3 0 1 3.188 2.48 .062 .062 .025 0 12
3 0 1 3.188 2.58 .062 .062 .025 0 11
3 0 1 3.188 2.68 .062 .062 .025 0 10
3 0 1 3.188 2.78 .062 .062 .025 0 9
3 0 1 3.188 2.88 .062 .062 .025 0 8
3 0 1 3.188 2.98 .062 .062 .025 0 7
3 0 1 3.188 3.08 .062 .062 .025 0 6
3 0 1 3.188 3.18 .062 .062 .025 0 5
3 0 1 3.188 3.28 .062 .062 .025 0 4
3 0 1 3.188 3.38 .062 .062 .025 0 3
3 0 1 3.188 3.48 .062 .062 .025 0 2
3 0 2 3.188 3.58 .062 .062 .025 0 1
2 3 .008 3.488 3.63 .025 180 180 0 0
1 3 .008 3.238 1.63 3.238 3.63
1 3 .008 3.238 1.63 3.738 1.63
1 3 .008 3.738 1.63 3.738 3.63
1 3 .008 3.513 3.63 3.738 3.63
1 3 .008 3.238 3.63 3.463 3.63
0 6 0 3.188 3.58
6 0 0 6.325 1.8 7.575 2.15 AMP4P15AMP4
4 3 .048 6.95 2.175 .11194 0 1 0 &1
3 0 1 6.575 2.0 .15 .15 .078 0 1
3 0 1 6.825 2.0 .15 .15 .078 0 2
3 0 1 7.075 2.0 .15 .15 .078 0 3
3 0 1 7.325 2.0 .15 .15 .078 0 4
2 3 .01 6.575 2.0 .1 0 180 0 0
2 3 .01 6.825 2.0 .1 90 0 0 0
2 3 .01 7.075 2.0 .1 90 0 0 0
2 3 .01 7.325 2.0 .1 0 180 0 0
1 3 .01 6.425 1.85 6.425 2.15
1 3 .01 6.425 2.15 7.475 2.15
1 3 .01 7.475 2.15 7.475 1.85
1 3 .01 7.475 1.85 6.425 1.85
1 3 .025 6.45 1.8 6.45 1.85
1 3 .025 6.7 1.85 6.7 1.8
1 3 .025 6.95 1.85 6.95 1.8
1 3 .025 7.2 1.85 7.2 1.8
1 3 .025 7.45 1.85 7.45 1.8
1 3 .01 6.675 2.0 6.675 1.9
1 3 .01 6.675 1.9 6.475 1.9
1 3 .01 6.475 1.9 6.475 2.0
1 3 .01 7.425 2.0 7.425 1.9
1 3 .01 7.425 1.9 7.225 1.9
1 3 .01 7.225 1.9 7.225 2.0
1 3 .01 7.475 1.95 7.575 1.95
1 3 .01 7.575 1.95 7.575 2.05
1 3 .01 7.575 2.05 7.475 2.05
1 3 .01 6.425 1.95 6.325 1.95
1 3 .01 6.325 1.95 6.325 2.05
1 3 .01 6.325 2.05 6.425 2.05
0 6 0 6.575 2.0
6 0 0 8.96 1.815 10.21 2.165 AMP4P16AMP4
4 3 .048 9.585 2.19 .11194 0 1 0 &1
3 0 1 9.21 2.015 .15 .15 .078 0 1
3 0 1 9.46 2.015 .15 .15 .078 0 2
3 0 1 9.71 2.015 .15 .15 .078 0 3
3 0 1 9.96 2.015 .15 .15 .078 0 4
2 3 .01 9.21 2.015 .1 0 180 0 0
2 3 .01 9.46 2.015 .1 90 0 0 0
2 3 .01 9.71 2.015 .1 90 0 0 0
2 3 .01 9.96 2.015 .1 0 180 0 0
1 3 .01 9.06002 1.865 9.06002 2.165
1 3 .01 9.06002 2.165 10.11002 2.165
1 3 .01 10.11002 2.165 10.11002 1.865
1 3 .01 10.11002 1.865 9.06002 1.865
1 3 .025 9.085 1.815 9.085 1.865
1 3 .025 9.335 1.865 9.335 1.815
1 3 .025 9.585 1.865 9.585 1.815
1 3 .025 9.835 1.865 9.835 1.815
1 3 .025 10.085 1.865 10.085 1.815
1 3 .01 9.31002 2.015 9.31002 1.915
1 3 .01 9.31002 1.915 9.11002 1.915
1 3 .01 9.11002 1.915 9.11002 2.015
1 3 .01 10.06002 2.015 10.06002 1.915
1 3 .01 10.06002 1.915 9.86002 1.915
1 3 .01 9.86002 1.915 9.86002 2.015
1 3 .01 10.11002 1.965 10.21 1.965
1 3 .01 10.21 1.965 10.21 2.065
1 3 .01 10.21 2.065 10.11002 2.065
1 3 .01 9.06002 1.965 8.96 1.965
1 3 .01 8.96 1.965 8.96 2.065
1 3 .01 8.96 2.065 9.06002 2.065
0 6 0 9.21 2.015
6 0 0 9.26 4.915 10.51 5.26498 AMP4P17AMP4
4 3 .048 9.885 5.29 .11194 0 1 0 &1
3 0 1 9.51 5.115 .15 .15 .078 0 1
3 0 1 9.76 5.115 .15 .15 .078 0 2
3 0 1 10.01 5.115 .15 .15 .078 0 3
3 0 1 10.26 5.115 .15 .15 .078 0 4
2 3 .01 9.51 5.115 .1 0 180 0 0
2 3 .01 9.76 5.115 .1 90 0 0 0
2 3 .01 10.01 5.115 .1 90 0 0 0
2 3 .01 10.26 5.115 .1 0 180 0 0
1 3 .01 9.36002 4.965 9.36002 5.26498
1 3 .01 9.36002 5.26498 10.41002 5.26498
1 3 .01 10.41002 5.26498 10.41002 4.965
1 3 .01 10.41002 4.965 9.36002 4.965
1 3 .025 9.385 4.915 9.385 4.965
1 3 .025 9.635 4.965 9.635 4.915
1 3 .025 9.885 4.965 9.885 4.915
1 3 .025 10.135 4.965 10.135 4.915
1 3 .025 10.385 4.965 10.385 4.915
1 3 .01 9.61002 5.115 9.61002 5.01498
1 3 .01 9.61002 5.01498 9.41002 5.01498
1 3 .01 9.41002 5.01498 9.41002 5.115
1 3 .01 10.36002 5.115 10.36002 5.01498
1 3 .01 10.36002 5.01498 10.16002 5.01498
1 3 .01 10.16002 5.01498 10.16002 5.115
1 3 .01 10.41002 5.06498 10.51 5.06498
1 3 .01 10.51 5.06498 10.51 5.165
1 3 .01 10.51 5.165 10.41002 5.165
1 3 .01 9.36002 5.06498 9.26 5.06498
1 3 .01 9.26 5.06498 9.26 5.165
1 3 .01 9.26 5.165 9.36002 5.165
0 6 0 9.51 5.115
6 0 90 10.45 3.05 10.65 3.55 IDC10P18IDC10
4 3 .048 10.425 3.3 .11194 90 1 0 &1
3 0 2 10.6 3.1 .06 .06 .038 90 1
3 0 1 10.5 3.1 .06 .06 .038 90 2
3 0 1 10.6 3.2 .06 .06 .038 90 3
3 0 1 10.5 3.2 .06 .06 .038 90 4
3 0 1 10.6 3.3 .06 .06 .038 90 5
3 0 1 10.5 3.3 .06 .06 .038 90 6
3 0 1 10.6 3.4 .06 .06 .038 90 7
3 0 1 10.5 3.4 .06 .06 .038 90 8
3 0 1 10.6 3.5 .06 .06 .038 90 9
3 0 1 10.5 3.5 .06 .06 .038 90 10
1 3 .01 10.65 3.05 10.45 3.05
1 3 .01 10.45 3.05 10.45 3.55
1 3 .01 10.45 3.55 10.65 3.55
1 3 .01 10.65 3.55 10.65 3.05
1 3 .01 10.65 3.15 10.55 3.15
1 3 .01 10.55 3.15 10.55 3.05
0 6 0 10.6 3.1
6 0 270 10.445 2.451 10.64498 2.951 IDC10P19IDC10
4 3 .048 10.67 2.701 .11194 90 9 0 &1
3 0 2 10.495 2.901 .06 .06 .038 270 1
3 0 1 10.59498 2.901 .06 .06 .038 270 2
3 0 1 10.495 2.80102 .06 .06 .038 270 3
3 0 1 10.59498 2.80102 .06 .06 .038 270 4
3 0 1 10.495 2.701 .06 .06 .038 270 5
3 0 1 10.59498 2.701 .06 .06 .038 270 6
3 0 1 10.495 2.601 .06 .06 .038 270 7
3 0 1 10.59498 2.601 .06 .06 .038 270 8
3 0 1 10.495 2.501 .06 .06 .038 270 9
3 0 1 10.59498 2.501 .06 .06 .038 270 10
1 3 .01 10.445 2.951 10.64498 2.951
1 3 .01 10.64498 2.951 10.64498 2.451
1 3 .01 10.64498 2.451 10.445 2.451
1 3 .01 10.445 2.451 10.445 2.951
1 3 .01 10.445 2.851 10.545 2.851
1 3 .01 10.545 2.851 10.545 2.951
0 6 0 10.495 2.901
6 0 90 10.75 6.15 10.95 6.65 IDC10P19IDC10
4 3 .048 10.725 6.4 .11194 90 1 0 &1
3 0 2 10.9 6.2 .06 .06 .038 90 1
3 0 1 10.8 6.2 .06 .06 .038 90 2
3 0 1 10.9 6.29998 .06 .06 .038 90 3
3 0 1 10.8 6.29998 .06 .06 .038 90 4
3 0 1 10.9 6.4 .06 .06 .038 90 5
3 0 1 10.8 6.4 .06 .06 .038 90 6
3 0 1 10.9 6.49998 .06 .06 .038 90 7
3 0 1 10.8 6.49998 .06 .06 .038 90 8
3 0 1 10.9 6.6 .06 .06 .038 90 9
3 0 1 10.8 6.6 .06 .06 .038 90 10
1 3 .01 10.95 6.15 10.75 6.15
1 3 .01 10.75 6.15 10.75 6.65
1 3 .01 10.75 6.65 10.95 6.65
1 3 .01 10.95 6.65 10.95 6.15
1 3 .01 10.95 6.24998 10.85 6.24998
1 3 .01 10.85 6.24998 10.85 6.15
0 6 0 10.9 6.2
6 0 270 9.775 3.475 9.975 3.975 IDC10P20IDC10
4 3 .048 10.0 3.725 .11194 90 9 0 &1
3 0 2 9.825 3.925 .06 .06 .038 270 1
3 0 1 9.925 3.925 .06 .06 .038 270 2
3 0 1 9.825 3.825 .06 .06 .038 270 3
3 0 1 9.925 3.825 .06 .06 .038 270 4
3 0 1 9.825 3.725 .06 .06 .038 270 5
3 0 1 9.925 3.725 .06 .06 .038 270 6
3 0 1 9.825 3.625 .06 .06 .038 270 7
3 0 1 9.925 3.625 .06 .06 .038 270 8
3 0 1 9.825 3.525 .06 .06 .038 270 9
3 0 1 9.925 3.525 .06 .06 .038 270 10
1 3 .01 9.775 3.975 9.975 3.975
1 3 .01 9.975 3.975 9.975 3.475
1 3 .01 9.975 3.475 9.775 3.475
1 3 .01 9.775 3.475 9.775 3.975
1 3 .01 9.775 3.875 9.875 3.875
1 3 .01 9.875 3.875 9.875 3.975
0 6 0 9.825 3.925
6 0 270 10.74502 5.551 10.94498 6.051 IDC10P20IDC10
4 3 .048 10.97 5.801 .11194 90 9 0 &1
3 0 2 10.795 6.001 .06 .06 .038 270 1
3 0 1 10.89498 6.001 .06 .06 .038 270 2
3 0 1 10.795 5.90102 .06 .06 .038 270 3
3 0 1 10.89498 5.90102 .06 .06 .038 270 4
3 0 1 10.795 5.801 .06 .06 .038 270 5
3 0 1 10.89498 5.801 .06 .06 .038 270 6
3 0 1 10.795 5.70098 .06 .06 .038 270 7
3 0 1 10.89498 5.70098 .06 .06 .038 270 8
3 0 1 10.795 5.601 .06 .06 .038 270 9
3 0 1 10.89498 5.601 .06 .06 .038 270 10
1 3 .01 10.74502 6.051 10.94498 6.051
1 3 .01 10.94498 6.051 10.94498 5.551
1 3 .01 10.94498 5.551 10.74502 5.551
1 3 .01 10.74502 5.551 10.74502 6.051
1 3 .01 10.74502 5.95098 10.845 5.95098
1 3 .01 10.845 5.95098 10.845 6.051
0 6 0 10.795 6.001
6 0 270 10.075 6.575 10.275 7.075 IDC10P21IDC10
4 3 .048 10.3 6.825 .11194 90 9 0 &1
3 0 2 10.125 7.025 .06 .06 .038 270 1
3 0 1 10.225 7.025 .06 .06 .038 270 2
3 0 1 10.125 6.92498 .06 .06 .038 270 3
3 0 1 10.225 6.92498 .06 .06 .038 270 4
3 0 1 10.125 6.825 .06 .06 .038 270 5
3 0 1 10.225 6.825 .06 .06 .038 270 6
3 0 1 10.125 6.725 .06 .06 .038 270 7
3 0 1 10.225 6.725 .06 .06 .038 270 8
3 0 1 10.125 6.62498 .06 .06 .038 270 9
3 0 1 10.225 6.62498 .06 .06 .038 270 10
1 3 .01 10.075 7.075 10.275 7.075
1 3 .01 10.275 7.075 10.275 6.575
1 3 .01 10.275 6.575 10.075 6.575
1 3 .01 10.075 6.575 10.075 7.075
1 3 .01 10.075 6.975 10.175 6.975
1 3 .01 10.175 6.975 10.175 7.075
0 6 0 10.125 7.025
6 0 270 9.35 3.475 9.54998 3.975 IDC10P22IDC10
4 3 .048 9.575 3.725 .11194 90 9 0 &1
3 0 2 9.4 3.925 .06 .06 .038 270 1
3 0 1 9.5 3.925 .06 .06 .038 270 2
3 0 1 9.4 3.825 .06 .06 .038 270 3
3 0 1 9.5 3.825 .06 .06 .038 270 4
3 0 1 9.4 3.725 .06 .06 .038 270 5
3 0 1 9.5 3.725 .06 .06 .038 270 6
3 0 1 9.4 3.625 .06 .06 .038 270 7
3 0 1 9.5 3.625 .06 .06 .038 270 8
3 0 1 9.4 3.525 .06 .06 .038 270 9
3 0 1 9.5 3.525 .06 .06 .038 270 10
1 3 .01 9.35 3.975 9.54998 3.975
1 3 .01 9.54998 3.975 9.54998 3.475
1 3 .01 9.54998 3.475 9.35 3.475
1 3 .01 9.35 3.475 9.35 3.975
1 3 .01 9.35 3.875 9.45 3.875
1 3 .01 9.45 3.875 9.45 3.975
0 6 0 9.4 3.925
6 0 270 9.65 6.575 9.84998 7.075 IDC10P23IDC10
4 3 .048 9.875 6.825 .11194 90 9 0 &1
3 0 2 9.7 7.025 .06 .06 .038 270 1
3 0 1 9.8 7.025 .06 .06 .038 270 2
3 0 1 9.7 6.92498 .06 .06 .038 270 3
3 0 1 9.8 6.92498 .06 .06 .038 270 4
3 0 1 9.7 6.825 .06 .06 .038 270 5
3 0 1 9.8 6.825 .06 .06 .038 270 6
3 0 1 9.7 6.725 .06 .06 .038 270 7
3 0 1 9.8 6.725 .06 .06 .038 270 8
3 0 1 9.7 6.62498 .06 .06 .038 270 9
3 0 1 9.8 6.62498 .06 .06 .038 270 10
1 3 .01 9.65 7.075 9.84998 7.075
1 3 .01 9.84998 7.075 9.84998 6.575
1 3 .01 9.84998 6.575 9.65 6.575
1 3 .01 9.65 6.575 9.65 7.075
1 3 .01 9.65 6.975 9.75 6.975
1 3 .01 9.75 6.975 9.75 7.075
0 6 0 9.7 7.025
6 0 0 9.35 2.275 10.04998 2.475 IDC14P23IDC14
4 3 .048 9.7 2.5 .11194 0 1 0 &1
3 0 2 9.4 2.325 .06 .06 .038 0 1
3 0 1 9.4 2.425 .06 .06 .038 0 2
3 0 1 9.5 2.325 .06 .06 .038 0 3
3 0 1 9.5 2.425 .06 .06 .038 0 4
3 0 1 9.6 2.325 .06 .06 .038 0 5
3 0 1 9.6 2.425 .06 .06 .038 0 6
3 0 1 9.7 2.325 .06 .06 .038 0 7
3 0 1 9.7 2.425 .06 .06 .038 0 8
3 0 1 9.79998 2.325 .06 .06 .038 0 9
3 0 1 9.79998 2.425 .06 .06 .038 0 10
3 0 1 9.9 2.325 .06 .06 .038 0 11
3 0 1 9.9 2.425 .06 .06 .038 0 12
3 0 1 10.0 2.325 .06 .06 .038 0 13
3 0 1 10.0 2.425 .06 .06 .038 0 14
1 3 .01 9.35 2.275 9.35 2.475
1 3 .01 9.35 2.475 10.04998 2.475
1 3 .01 10.04998 2.475 10.04998 2.275
1 3 .01 10.04998 2.275 9.35 2.275
1 3 .01 9.45 2.275 9.45 2.375
1 3 .01 9.45 2.375 9.35 2.375
0 6 0 9.4 2.325
6 0 0 9.65 5.37498 10.34998 5.575 IDC14P24IDC14
4 3 .048 10.0 5.6 .11194 0 1 0 &1
3 0 2 9.7 5.42498 .06 .06 .038 0 1
3 0 1 9.7 5.525 .06 .06 .038 0 2
3 0 1 9.8 5.42498 .06 .06 .038 0 3
3 0 1 9.8 5.525 .06 .06 .038 0 4
3 0 1 9.9 5.42498 .06 .06 .038 0 5
3 0 1 9.9 5.525 .06 .06 .038 0 6
3 0 1 10.0 5.42498 .06 .06 .038 0 7
3 0 1 10.0 5.525 .06 .06 .038 0 8
3 0 1 10.09998 5.42498 .06 .06 .038 0 9
3 0 1 10.09998 5.525 .06 .06 .038 0 10
3 0 1 10.2 5.42498 .06 .06 .038 0 11
3 0 1 10.2 5.525 .06 .06 .038 0 12
3 0 1 10.3 5.42498 .06 .06 .038 0 13
3 0 1 10.3 5.525 .06 .06 .038 0 14
1 3 .01 9.65 5.37498 9.65 5.575
1 3 .01 9.65 5.575 10.34998 5.575
1 3 .01 10.34998 5.575 10.34998 5.37498
1 3 .01 10.34998 5.37498 9.65 5.37498
1 3 .01 9.75 5.37498 9.75 5.475
1 3 .01 9.75 5.475 9.65 5.475
0 6 0 9.7 5.42498
6 0 0 9.35 4.25 10.65 4.45 IDC26P17IDC26
4 3 .048 10.0 4.475 .11194 0 1 0 &1
3 0 2 9.4 4.3 .06 .06 .038 0 1
3 0 1 9.4 4.4 .06 .06 .038 0 2
3 0 1 9.5 4.3 .06 .06 .038 0 3
3 0 1 9.5 4.4 .06 .06 .038 0 4
3 0 1 9.6 4.3 .06 .06 .038 0 5
3 0 1 9.6 4.4 .06 .06 .038 0 6
3 0 1 9.7 4.3 .06 .06 .038 0 7
3 0 1 9.7 4.4 .06 .06 .038 0 8
3 0 1 9.79998 4.3 .06 .06 .038 0 9
3 0 1 9.79998 4.4 .06 .06 .038 0 10
3 0 1 9.9 4.3 .06 .06 .038 0 11
3 0 1 9.9 4.4 .06 .06 .038 0 12
3 0 1 10.0 4.3 .06 .06 .038 0 13
3 0 1 10.0 4.4 .06 .06 .038 0 14
3 0 1 10.1 4.3 .06 .06 .038 0 15
3 0 1 10.1 4.4 .06 .06 .038 0 16
3 0 1 10.2 4.3 .06 .06 .038 0 17
3 0 1 10.2 4.4 .06 .06 .038 0 18
3 0 1 10.29998 4.3 .06 .06 .038 0 19
3 0 1 10.29998 4.4 .06 .06 .038 0 20
3 0 1 10.4 4.3 .06 .06 .038 0 21
3 0 1 10.4 4.4 .06 .06 .038 0 22
3 0 1 10.5 4.3 .06 .06 .038 0 23
3 0 1 10.5 4.4 .06 .06 .038 0 24
3 0 1 10.6 4.3 .06 .06 .038 0 25
3 0 1 10.6 4.4 .06 .06 .038 0 26
1 3 .01 9.35 4.25 9.35 4.45
1 3 .01 9.35 4.45 10.65 4.45
1 3 .01 10.65 4.45 10.65 4.25
1 3 .01 10.65 4.25 9.35 4.25
1 3 .01 9.45 4.25 9.45 4.35
1 3 .01 9.45 4.35 9.35 4.35
0 6 0 9.4 4.3
6 0 0 9.65 7.35 10.95 7.54998 IDC26P18IDC26
4 3 .048 10.3 7.575 .11194 0 1 0 &1
3 0 2 9.7 7.4 .06 .06 .038 0 1
3 0 1 9.7 7.49998 .06 .06 .038 0 2
3 0 1 9.8 7.4 .06 .06 .038 0 3
3 0 1 9.8 7.49998 .06 .06 .038 0 4
3 0 1 9.9 7.4 .06 .06 .038 0 5
3 0 1 9.9 7.49998 .06 .06 .038 0 6
3 0 1 10.0 7.4 .06 .06 .038 0 7
3 0 1 10.0 7.49998 .06 .06 .038 0 8
3 0 1 10.09998 7.4 .06 .06 .038 0 9
3 0 1 10.09998 7.49998 .06 .06 .038 0 10
3 0 1 10.2 7.4 .06 .06 .038 0 11
3 0 1 10.2 7.49998 .06 .06 .038 0 12
3 0 1 10.3 7.4 .06 .06 .038 0 13
3 0 1 10.3 7.49998 .06 .06 .038 0 14
3 0 1 10.4 7.4 .06 .06 .038 0 15
3 0 1 10.4 7.49998 .06 .06 .038 0 16
3 0 1 10.5 7.4 .06 .06 .038 0 17
3 0 1 10.5 7.49998 .06 .06 .038 0 18
3 0 1 10.59998 7.4 .06 .06 .038 0 19
3 0 1 10.59998 7.49998 .06 .06 .038 0 20
3 0 1 10.7 7.4 .06 .06 .038 0 21
3 0 1 10.7 7.49998 .06 .06 .038 0 22
3 0 1 10.8 7.4 .06 .06 .038 0 23
3 0 1 10.8 7.49998 .06 .06 .038 0 24
3 0 1 10.9 7.4 .06 .06 .038 0 25
3 0 1 10.9 7.49998 .06 .06 .038 0 26
1 3 .01 9.65 7.35 9.65 7.54998
1 3 .01 9.65 7.54998 10.95 7.54998
1 3 .01 10.95 7.54998 10.95 7.35
1 3 .01 10.95 7.35 9.65 7.35
1 3 .01 9.75 7.35 9.75 7.45
1 3 .01 9.75 7.45 9.65 7.45
0 6 0 9.7 7.4
6 0 90 8.055 2.375 8.245 2.475 M032021P13Molex 22-03-2021
4 3 .036 8.02998 2.4 .08396 90 0 0 &1
3 0 2 8.1 2.425 .075 .075 .052 90 1
3 0 1 8.2 2.425 .075 .075 .052 90 2
1 3 .01 8.245 2.375 8.245 2.475
1 3 .01 8.245 2.475 8.055 2.475
1 3 .01 8.055 2.475 8.055 2.375
1 3 .01 8.055 2.375 8.245 2.375
0 6 0 8.1 2.425
6 0 90 10.75498 2.375 10.945 2.475 M032021P14Molex 22-03-2021
4 3 .036 10.72998 2.4 .08396 90 0 0 &1
3 0 2 10.8 2.425 .075 .075 .052 90 1
3 0 1 10.9 2.425 .075 .075 .052 90 2
1 3 .01 10.945 2.375 10.945 2.475
1 3 .01 10.945 2.475 10.75498 2.475
1 3 .01 10.75498 2.475 10.75498 2.375
1 3 .01 10.75498 2.375 10.945 2.375
0 6 0 10.8 2.425
6 0 90 11.05498 5.475 11.24502 5.575 M032021P15Molex 22-03-2021
4 3 .036 11.02998 5.49998 .08396 90 0 0 &1
3 0 2 11.1 5.525 .075 .075 .052 90 1
3 0 1 11.2 5.525 .075 .075 .052 90 2
1 3 .01 11.24502 5.475 11.24502 5.575
1 3 .01 11.24502 5.575 11.05498 5.575
1 3 .01 11.05498 5.575 11.05498 5.475
1 3 .01 11.05498 5.475 11.24502 5.475
0 6 0 11.1 5.525
6 0 90 6.325 2.375 6.525 3.075 IDC14PORTDIDC14
4 3 .048 6.3 2.725 .22388 90 1 0 &1
3 0 2 6.475 2.425 .06 .06 .038 90 1
3 0 1 6.37496 2.425 .06 .06 .038 90 2
3 0 1 6.475 2.525 .06 .06 .038 90 3
3 0 1 6.37496 2.525 .06 .06 .038 90 4
3 0 1 6.475 2.625 .06 .06 .038 90 5
3 0 1 6.37496 2.625 .06 .06 .038 90 6
3 0 1 6.475 2.725 .06 .06 .038 90 7
3 0 1 6.37496 2.725 .06 .06 .038 90 8
3 0 1 6.475 2.825 .06 .06 .038 90 9
3 0 1 6.37496 2.825 .06 .06 .038 90 10
3 0 1 6.475 2.925 .06 .06 .038 90 11
3 0 1 6.37496 2.925 .06 .06 .038 90 12
3 0 1 6.475 3.025 .06 .06 .038 90 13
3 0 1 6.37496 3.025 .06 .06 .038 90 14
1 3 .01 6.525 2.375 6.325 2.375
1 3 .01 6.325 2.375 6.325 3.075
1 3 .01 6.325 3.075 6.525 3.075
1 3 .01 6.525 3.075 6.525 2.375
1 3 .01 6.525 2.475 6.425 2.475
1 3 .01 6.425 2.475 6.425 2.375
0 6 0 6.475 2.425
6 0 90 9.025 2.375 9.225 3.075 IDC14PORTDIDC14
4 3 .048 9.0 2.725 .22388 90 1 0 &1
3 0 2 9.175 2.425 .06 .06 .038 90 1
3 0 1 9.07496 2.425 .06 .06 .038 90 2
3 0 1 9.175 2.525 .06 .06 .038 90 3
3 0 1 9.07496 2.525 .06 .06 .038 90 4
3 0 1 9.175 2.625 .06 .06 .038 90 5
3 0 1 9.07496 2.625 .06 .06 .038 90 6
3 0 1 9.175 2.725 .06 .06 .038 90 7
3 0 1 9.07496 2.725 .06 .06 .038 90 8
3 0 1 9.175 2.825 .06 .06 .038 90 9
3 0 1 9.07496 2.825 .06 .06 .038 90 10
3 0 1 9.175 2.925 .06 .06 .038 90 11
3 0 1 9.07496 2.925 .06 .06 .038 90 12
3 0 1 9.175 3.025 .06 .06 .038 90 13
3 0 1 9.07496 3.025 .06 .06 .038 90 14
1 3 .01 9.225 2.375 9.025 2.375
1 3 .01 9.025 2.375 9.025 3.075
1 3 .01 9.025 3.075 9.225 3.075
1 3 .01 9.225 2.475 9.125 2.475
1 3 .01 9.125 2.475 9.125 2.375
0 6 0 9.175 2.425
6 0 90 9.325 5.475 9.525 6.17498 IDC14PORTDIDC14
4 3 .048 9.3 5.825 .22388 90 1 0 &1
3 0 2 9.475 5.525 .06 .06 .038 90 1
3 0 1 9.37496 5.525 .06 .06 .038 90 2
3 0 1 9.475 5.62498 .06 .06 .038 90 3
3 0 1 9.37496 5.62498 .06 .06 .038 90 4
3 0 1 9.475 5.725 .06 .06 .038 90 5
3 0 1 9.37496 5.725 .06 .06 .038 90 6
3 0 1 9.475 5.825 .06 .06 .038 90 7
3 0 1 9.37496 5.825 .06 .06 .038 90 8
3 0 1 9.475 5.92498 .06 .06 .038 90 9
3 0 1 9.37496 5.92498 .06 .06 .038 90 10
3 0 1 9.475 6.025 .06 .06 .038 90 11
3 0 1 9.37496 6.025 .06 .06 .038 90 12
3 0 1 9.475 6.12498 .06 .06 .038 90 13
3 0 1 9.37496 6.12498 .06 .06 .038 90 14
1 3 .01 9.525 5.475 9.325 5.475
1 3 .01 9.325 5.475 9.325 6.17498
1 3 .01 9.325 6.17498 9.525 6.17498
1 3 .01 9.525 5.575 9.425 5.575
1 3 .01 9.425 5.575 9.425 5.475
0 6 0 9.475 5.525
6 0 270 8.05 3.575 8.24996 4.375 IDC16PORTAIDC16
4 3 .048 8.275 3.97498 .22388 90 9 0 &1
3 0 2 8.1 4.325 .06 .06 .038 270 1
3 0 1 8.2 4.325 .06 .06 .038 270 2
3 0 1 8.1 4.22498 .06 .06 .038 270 3
3 0 1 8.2 4.22498 .06 .06 .038 270 4
3 0 1 8.1 4.125 .06 .06 .038 270 5
3 0 1 8.2 4.125 .06 .06 .038 270 6
3 0 1 8.1 4.025 .06 .06 .038 270 7
3 0 1 8.2 4.025 .06 .06 .038 270 8
3 0 1 8.1 3.925 .06 .06 .038 270 9
3 0 1 8.2 3.925 .06 .06 .038 270 10
3 0 1 8.1 3.825 .06 .06 .038 270 11
3 0 1 8.2 3.825 .06 .06 .038 270 12
3 0 1 8.1 3.72498 .06 .06 .038 270 13
3 0 1 8.2 3.72498 .06 .06 .038 270 14
3 0 1 8.1 3.625 .06 .06 .038 270 15
3 0 1 8.2 3.625 .06 .06 .038 270 16
1 3 .01 8.05 4.375 8.24996 4.375
1 3 .01 8.24996 4.375 8.24996 3.575
1 3 .01 8.24996 3.575 8.05 3.575
1 3 .01 8.05 3.575 8.05 4.375
1 3 .01 8.05 4.275 8.15 4.275
1 3 .01 8.15 4.275 8.15 4.375
0 6 0 8.1 4.325
6 0 270 10.75 3.575 10.94996 4.375 IDC16PORTAIDC16
4 3 .048 10.975 3.97498 .22388 90 9 0 &1
3 0 2 10.8 4.325 .06 .06 .038 270 1
3 0 1 10.9 4.325 .06 .06 .038 270 2
3 0 1 10.8 4.22498 .06 .06 .038 270 3
3 0 1 10.9 4.22498 .06 .06 .038 270 4
3 0 1 10.8 4.125 .06 .06 .038 270 5
3 0 1 10.9 4.125 .06 .06 .038 270 6
3 0 1 10.8 4.025 .06 .06 .038 270 7
3 0 1 10.9 4.025 .06 .06 .038 270 8
3 0 1 10.8 3.925 .06 .06 .038 270 9
3 0 1 10.9 3.925 .06 .06 .038 270 10
3 0 1 10.8 3.825 .06 .06 .038 270 11
3 0 1 10.9 3.825 .06 .06 .038 270 12
3 0 1 10.8 3.72498 .06 .06 .038 270 13
3 0 1 10.9 3.72498 .06 .06 .038 270 14
3 0 1 10.8 3.625 .06 .06 .038 270 15
3 0 1 10.9 3.625 .06 .06 .038 270 16
1 3 .01 10.75 4.375 10.94996 4.375
1 3 .01 10.94996 4.375 10.94996 3.575
1 3 .01 10.94996 3.575 10.75 3.575
1 3 .01 10.75 3.575 10.75 4.375
1 3 .01 10.75 4.275 10.85 4.275
1 3 .01 10.85 4.275 10.85 4.375
0 6 0 10.8 4.325
6 0 270 11.05 6.67498 11.24996 7.475 IDC16PORTAIDC16
4 3 .048 11.275 7.07496 .22388 90 9 0 &1
3 0 2 11.1 7.42498 .06 .06 .038 270 1
3 0 1 11.2 7.42498 .06 .06 .038 270 2
3 0 1 11.1 7.32496 .06 .06 .038 270 3
3 0 1 11.2 7.32496 .06 .06 .038 270 4
3 0 1 11.1 7.225 .06 .06 .038 270 5
3 0 1 11.2 7.225 .06 .06 .038 270 6
3 0 1 11.1 7.12498 .06 .06 .038 270 7
3 0 1 11.2 7.12498 .06 .06 .038 270 8
3 0 1 11.1 7.025 .06 .06 .038 270 9
3 0 1 11.2 7.025 .06 .06 .038 270 10
3 0 1 11.1 6.92498 .06 .06 .038 270 11
3 0 1 11.2 6.92498 .06 .06 .038 270 12
3 0 1 11.1 6.82496 .06 .06 .038 270 13
3 0 1 11.2 6.82496 .06 .06 .038 270 14
3 0 1 11.1 6.725 .06 .06 .038 270 15
3 0 1 11.2 6.725 .06 .06 .038 270 16
1 3 .01 11.05 7.475 11.24996 7.475
1 3 .01 11.24996 7.475 11.24996 6.67498
1 3 .01 11.24996 6.67498 11.05 6.67498
1 3 .01 11.05 6.67498 11.05 7.475
1 3 .01 11.05 7.37498 11.15 7.37498
1 3 .01 11.15 7.37498 11.15 7.475
0 6 0 11.1 7.42498
6 0 90 6.325 3.575 6.525 4.375 IDC16PORTBIDC16
4 3 .048 6.3 3.975 .22388 90 1 0 &1
3 0 2 6.475 3.625 .06 .06 .038 90 1
3 0 1 6.37496 3.625 .06 .06 .038 90 2
3 0 1 6.475 3.725 .06 .06 .038 90 3
3 0 1 6.37496 3.725 .06 .06 .038 90 4
3 0 1 6.475 3.825 .06 .06 .038 90 5
3 0 1 6.37496 3.825 .06 .06 .038 90 6
3 0 1 6.475 3.925 .06 .06 .038 90 7
3 0 1 6.37496 3.925 .06 .06 .038 90 8
3 0 1 6.475 4.025 .06 .06 .038 90 9
3 0 1 6.37496 4.025 .06 .06 .038 90 10
3 0 1 6.475 4.125 .06 .06 .038 90 11
3 0 1 6.37496 4.125 .06 .06 .038 90 12
3 0 1 6.475 4.225 .06 .06 .038 90 13
3 0 1 6.37496 4.225 .06 .06 .038 90 14
3 0 1 6.475 4.325 .06 .06 .038 90 15
3 0 1 6.37496 4.325 .06 .06 .038 90 16
1 3 .01 6.525 3.575 6.325 3.575
1 3 .01 6.325 3.575 6.325 4.375
1 3 .01 6.325 4.375 6.525 4.375
1 3 .01 6.525 4.375 6.525 3.575
1 3 .01 6.525 3.675 6.425 3.675
1 3 .01 6.425 3.675 6.425 3.575
0 6 0 6.475 3.625
6 0 90 9.025 3.575 9.225 4.375 IDC16PORTBIDC16
4 3 .048 9.0 3.975 .22388 90 1 0 &1
3 0 2 9.175 3.625 .06 .06 .038 90 1
3 0 1 9.07496 3.625 .06 .06 .038 90 2
3 0 1 9.175 3.725 .06 .06 .038 90 3
3 0 1 9.07496 3.725 .06 .06 .038 90 4
3 0 1 9.175 3.825 .06 .06 .038 90 5
3 0 1 9.07496 3.825 .06 .06 .038 90 6
3 0 1 9.175 3.925 .06 .06 .038 90 7
3 0 1 9.07496 3.925 .06 .06 .038 90 8
3 0 1 9.175 4.025 .06 .06 .038 90 9
3 0 1 9.07496 4.025 .06 .06 .038 90 10
3 0 1 9.175 4.125 .06 .06 .038 90 11
3 0 1 9.07496 4.125 .06 .06 .038 90 12
3 0 1 9.175 4.225 .06 .06 .038 90 13
3 0 1 9.07496 4.225 .06 .06 .038 90 14
3 0 1 9.175 4.325 .06 .06 .038 90 15
3 0 1 9.07496 4.325 .06 .06 .038 90 16
1 3 .01 9.225 3.575 9.025 3.575
1 3 .01 9.025 3.575 9.025 4.375
1 3 .01 9.025 4.375 9.225 4.375
1 3 .01 9.225 4.375 9.225 3.575
1 3 .01 9.225 3.675 9.125 3.675
1 3 .01 9.125 3.675 9.125 3.575
0 6 0 9.175 3.625
6 0 90 9.325 6.67498 9.525 7.475 IDC16PORTBIDC16
4 3 .048 9.3 7.075 .22388 90 1 0 &1
3 0 2 9.475 6.725 .06 .06 .038 90 1
3 0 1 9.37496 6.725 .06 .06 .038 90 2
3 0 1 9.475 6.825 .06 .06 .038 90 3
3 0 1 9.37496 6.825 .06 .06 .038 90 4
3 0 1 9.475 6.92498 .06 .06 .038 90 5
3 0 1 9.37496 6.92498 .06 .06 .038 90 6
3 0 1 9.475 7.025 .06 .06 .038 90 7
3 0 1 9.37496 7.025 .06 .06 .038 90 8
3 0 1 9.475 7.12498 .06 .06 .038 90 9
3 0 1 9.37496 7.12498 .06 .06 .038 90 10
3 0 1 9.475 7.225 .06 .06 .038 90 11
3 0 1 9.37496 7.225 .06 .06 .038 90 12
3 0 1 9.475 7.325 .06 .06 .038 90 13
3 0 1 9.37496 7.325 .06 .06 .038 90 14
3 0 1 9.475 7.42498 .06 .06 .038 90 15
3 0 1 9.37496 7.42498 .06 .06 .038 90 16
1 3 .01 9.525 6.67498 9.325 6.67498
1 3 .01 9.325 6.67498 9.325 7.475
1 3 .01 9.325 7.475 9.525 7.475
1 3 .01 9.525 7.475 9.525 6.67498
1 3 .01 9.525 6.775 9.425 6.775
1 3 .01 9.425 6.775 9.425 6.67498
0 6 0 9.475 6.725
6 0 270 8.05 2.475 8.24996 3.275 IDC16PORTCIDC16
4 3 .048 8.275 2.875 .22388 90 9 0 &1
3 0 2 8.1 3.225 .06 .06 .038 270 1
3 0 1 8.2 3.225 .06 .06 .038 270 2
3 0 1 8.1 3.125 .06 .06 .038 270 3
3 0 1 8.2 3.125 .06 .06 .038 270 4
3 0 1 8.1 3.025 .06 .06 .038 270 5
3 0 1 8.2 3.025 .06 .06 .038 270 6
3 0 1 8.1 2.925 .06 .06 .038 270 7
3 0 1 8.2 2.925 .06 .06 .038 270 8
3 0 1 8.1 2.825 .06 .06 .038 270 9
3 0 1 8.2 2.825 .06 .06 .038 270 10
3 0 1 8.1 2.725 .06 .06 .038 270 11
3 0 1 8.2 2.725 .06 .06 .038 270 12
3 0 1 8.1 2.625 .06 .06 .038 270 13
3 0 1 8.2 2.625 .06 .06 .038 270 14
3 0 1 8.1 2.525 .06 .06 .038 270 15
3 0 1 8.2 2.525 .06 .06 .038 270 16
1 3 .01 8.05 3.275 8.24996 3.275
1 3 .01 8.24996 3.275 8.24996 2.475
1 3 .01 8.24996 2.475 8.05 2.475
1 3 .01 8.05 2.475 8.05 3.275
1 3 .01 8.05 3.175 8.15 3.175
1 3 .01 8.15 3.175 8.15 3.275
0 6 0 8.1 3.225
6 0 270 10.75 2.475 10.94996 3.275 IDC16PORTCIDC16
4 3 .048 10.975 2.875 .22388 90 9 0 &1
3 0 2 10.8 3.225 .06 .06 .038 270 1
3 0 1 10.9 3.225 .06 .06 .038 270 2
3 0 1 10.8 3.125 .06 .06 .038 270 3
3 0 1 10.9 3.125 .06 .06 .038 270 4
3 0 1 10.8 3.025 .06 .06 .038 270 5
3 0 1 10.9 3.025 .06 .06 .038 270 6
3 0 1 10.8 2.925 .06 .06 .038 270 7
3 0 1 10.9 2.925 .06 .06 .038 270 8
3 0 1 10.8 2.825 .06 .06 .038 270 9
3 0 1 10.9 2.825 .06 .06 .038 270 10
3 0 1 10.8 2.725 .06 .06 .038 270 11
3 0 1 10.9 2.725 .06 .06 .038 270 12
3 0 1 10.8 2.625 .06 .06 .038 270 13
3 0 1 10.9 2.625 .06 .06 .038 270 14
3 0 1 10.8 2.525 .06 .06 .038 270 15
3 0 1 10.9 2.525 .06 .06 .038 270 16
1 3 .01 10.75 3.275 10.94996 3.275
1 3 .01 10.94996 3.275 10.94996 2.475
1 3 .01 10.94996 2.475 10.75 2.475
1 3 .01 10.75 2.475 10.75 3.275
1 3 .01 10.75 3.175 10.85 3.175
1 3 .01 10.85 3.175 10.85 3.275
0 6 0 10.8 3.225
6 0 270 11.05 5.575 11.24996 6.37498 IDC16PORTCIDC16
4 3 .048 11.275 5.975 .22388 90 9 0 &1
3 0 2 11.1 6.325 .06 .06 .038 270 1
3 0 1 11.2 6.325 .06 .06 .038 270 2
3 0 1 11.1 6.225 .06 .06 .038 270 3
3 0 1 11.2 6.225 .06 .06 .038 270 4
3 0 1 11.1 6.12498 .06 .06 .038 270 5
3 0 1 11.2 6.12498 .06 .06 .038 270 6
3 0 1 11.1 6.025 .06 .06 .038 270 7
3 0 1 11.2 6.025 .06 .06 .038 270 8
3 0 1 11.1 5.92498 .06 .06 .038 270 9
3 0 1 11.2 5.92498 .06 .06 .038 270 10
3 0 1 11.1 5.825 .06 .06 .038 270 11
3 0 1 11.2 5.825 .06 .06 .038 270 12
3 0 1 11.1 5.725 .06 .06 .038 270 13
3 0 1 11.2 5.725 .06 .06 .038 270 14
3 0 1 11.1 5.62498 .06 .06 .038 270 15
3 0 1 11.2 5.62498 .06 .06 .038 270 16
1 3 .01 11.05 6.37498 11.24996 6.37498
1 3 .01 11.24996 6.37498 11.24996 5.575
1 3 .01 11.24996 5.575 11.05 5.575
1 3 .01 11.05 5.575 11.05 6.37498
1 3 .01 11.05 6.275 11.15 6.275
1 3 .01 11.15 6.275 11.15 6.37498
0 6 0 11.1 6.325
6 0 0 2.641 2.329 3.041 2.449 XTAL1QUARTZ
3 0 1 2.941 2.389 .062 .062 .028 0 2
3 0 1 2.741 2.389 .062 .062 .028 0 1
1 3 .012 2.641 2.329 2.641 2.449
1 3 .012 2.641 2.329 3.041 2.329
1 3 .012 3.041 2.329 3.041 2.449
1 3 .012 2.641 2.449 3.041 2.449
0 6 0 2.741 2.389
6 0 0 1.49 1.958 1.85198 2.01998 AXIAL0.3R1
3 0 1 1.521 1.989 .062 .062 .028 0 1
3 0 1 1.821 1.989 .062 .062 .028 0 2
1 3 .012 1.521 1.989 1.571 1.989
1 3 .012 1.771 1.959 1.771 1.989
1 3 .012 1.571 1.959 1.771 1.959
1 3 .012 1.571 1.959 1.571 2.019
1 3 .012 1.571 2.019 1.771 2.019
1 3 .012 1.771 1.989 1.771 2.019
1 3 .012 1.771 1.989 1.821 1.989
0 6 0 1.521 1.989
6 0 0 1.654 4.39402 2.016 4.456 AXIAL0.3R2
3 0 1 1.685 4.425 .062 .062 .028 0 1
3 0 1 1.985 4.425 .062 .062 .028 0 2
1 3 .012 1.685 4.425 1.735 4.425
1 3 .012 1.935 4.395 1.935 4.425
1 3 .012 1.735 4.395 1.935 4.395
1 3 .012 1.735 4.395 1.735 4.455
1 3 .012 1.735 4.455 1.935 4.455
1 3 .012 1.935 4.425 1.935 4.455
1 3 .012 1.935 4.425 1.985 4.425
0 6 0 1.685 4.425
6 0 0 1.49 2.152 1.85198 2.21398 AXIAL0.3R3
3 0 1 1.521 2.183 .062 .062 .028 0 1
3 0 1 1.821 2.183 .062 .062 .028 0 2
1 3 .012 1.521 2.183 1.571 2.183
1 3 .012 1.771 2.153 1.771 2.183
1 3 .012 1.571 2.153 1.771 2.153
1 3 .012 1.571 2.153 1.571 2.213
1 3 .012 1.571 2.213 1.771 2.213
1 3 .012 1.771 2.183 1.771 2.213
1 3 .012 1.771 2.183 1.821 2.183
0 6 0 1.521 2.183
6 0 0 1.49 1.856 1.85198 1.91798 AXIAL0.3R4
3 0 1 1.521 1.887 .062 .062 .028 0 1
3 0 1 1.821 1.887 .062 .062 .028 0 2
1 3 .012 1.521 1.887 1.571 1.887
1 3 .012 1.771 1.857 1.771 1.887
1 3 .012 1.571 1.857 1.771 1.857
1 3 .012 1.571 1.857 1.571 1.917
1 3 .012 1.571 1.917 1.771 1.917
1 3 .012 1.771 1.887 1.771 1.917
1 3 .012 1.771 1.887 1.821 1.887
0 6 0 1.521 1.887
6 0 0 1.48502 1.74302 1.84698 1.805 AXIAL0.3R5
3 0 1 1.516 1.774 .062 .062 .028 0 1
3 0 1 1.816 1.774 .062 .062 .028 0 2
1 3 .012 1.516 1.774 1.566 1.774
1 3 .012 1.766 1.744 1.766 1.774
1 3 .012 1.566 1.744 1.766 1.744
1 3 .012 1.566 1.744 1.566 1.804
1 3 .012 1.566 1.804 1.766 1.804
1 3 .012 1.766 1.774 1.766 1.804
1 3 .012 1.766 1.774 1.816 1.774
0 6 0 1.516 1.774
6 0 0 1.48502 1.62502 1.84698 1.687 AXIAL0.3R6
3 0 1 1.516 1.656 .062 .062 .028 0 1
3 0 1 1.816 1.656 .062 .062 .028 0 2
1 3 .012 1.516 1.656 1.566 1.656
1 3 .012 1.766 1.626 1.766 1.656
1 3 .012 1.566 1.626 1.766 1.626
1 3 .012 1.566 1.626 1.566 1.686
1 3 .012 1.566 1.686 1.766 1.686
1 3 .012 1.766 1.656 1.766 1.686
1 3 .012 1.766 1.656 1.816 1.656
0 6 0 1.516 1.656
6 0 0 2.29102 4.389 2.65298 4.45098 AXIAL0.3R7
3 0 1 2.622 4.42 .062 .062 .028 0 2
3 0 1 2.322 4.42 .062 .062 .028 0 1
1 3 .012 2.572 4.42 2.622 4.42
1 3 .012 2.572 4.42 2.572 4.45
1 3 .012 2.372 4.45 2.572 4.45
1 3 .012 2.372 4.39 2.372 4.45
1 3 .012 2.372 4.39 2.572 4.39
1 3 .012 2.572 4.39 2.572 4.42
1 3 .012 2.322 4.42 2.372 4.42
0 6 0 2.322 4.42
6 0 90 9.36 2.495 9.43998 2.855 R300P60R8?ê1/8W
4 3 .036 9.418 2.67498 .05398 90 1 0 &1
3 0 1 9.4 2.525 .06 .06 .038 90 1
3 0 1 9.4 2.825 .06 .06 .038 90 2
1 3 .01 9.4 2.79998 9.4 2.775
1 3 .01 9.4 2.54998 9.4 2.575
1 3 .01 9.43998 2.57998 9.43998 2.76998
1 3 .01 9.43998 2.76998 9.36 2.76998
1 3 .01 9.36 2.76998 9.36 2.57998
1 3 .01 9.36 2.57998 9.43998 2.57998
0 6 0 9.4 2.525
6 0 90 9.46 2.495 9.54 2.855 R300P60R9?ê1/8W
4 3 .036 9.518 2.67498 .05398 90 1 0 &1
3 0 1 9.5 2.525 .06 .06 .038 90 1
3 0 1 9.5 2.825 .06 .06 .038 90 2
1 3 .01 9.5 2.79998 9.5 2.775
1 3 .01 9.5 2.54998 9.5 2.575
1 3 .01 9.54 2.57998 9.54 2.76998
1 3 .01 9.54 2.76998 9.46 2.76998
1 3 .01 9.46 2.76998 9.46 2.57998
1 3 .01 9.46 2.57998 9.54 2.57998
0 6 0 9.5 2.525
6 0 90 9.66 5.59498 9.74 5.95498 R300P60R9?ê1/8W
4 3 .036 9.718 5.77496 .05398 90 1 0 &1
3 0 1 9.7 5.62498 .06 .06 .038 90 1
3 0 1 9.7 5.92498 .06 .06 .038 90 2
1 3 .01 9.7 5.89996 9.7 5.87498
1 3 .01 9.7 5.64996 9.7 5.67498
1 3 .01 9.74 5.67998 9.74 5.86996
1 3 .01 9.74 5.86996 9.66 5.86996
1 3 .01 9.66 5.86996 9.66 5.67998
1 3 .01 9.66 5.67998 9.74 5.67998
0 6 0 9.7 5.62498
6 0 90 9.56002 2.495 9.64 2.855 R300P60R10?ê1/8W
4 3 .036 9.61802 2.67498 .08396 90 1 0 &1
3 0 1 9.6 2.525 .06 .06 .038 90 1
3 0 1 9.6 2.825 .06 .06 .038 90 2
1 3 .01 9.6 2.79998 9.6 2.775
1 3 .01 9.6 2.54998 9.6 2.575
1 3 .01 9.64 2.57998 9.64 2.76998
1 3 .01 9.64 2.76998 9.56002 2.76998
1 3 .01 9.56002 2.76998 9.56002 2.57998
1 3 .01 9.56002 2.57998 9.64 2.57998
0 6 0 9.6 2.525
6 0 90 9.76 5.59498 9.84 5.95498 R300P60R10?ê1/8W
4 3 .036 9.818 5.77496 .08396 90 1 0 &1
3 0 1 9.8 5.62498 .06 .06 .038 90 1
3 0 1 9.8 5.92498 .06 .06 .038 90 2
1 3 .01 9.8 5.89996 9.8 5.87498
1 3 .01 9.8 5.64996 9.8 5.67498
1 3 .01 9.84 5.67998 9.84 5.86996
1 3 .01 9.84 5.86996 9.76 5.86996
1 3 .01 9.76 5.86996 9.76 5.67998
1 3 .01 9.76 5.67998 9.84 5.67998
0 6 0 9.8 5.62498
6 0 90 9.66 2.495 9.74 2.855 R300P60R11?ê1/8W
4 3 .036 9.718 2.67498 .08396 90 1 0 &1
3 0 1 9.7 2.525 .06 .06 .038 90 1
3 0 1 9.7 2.825 .06 .06 .038 90 2
1 3 .01 9.7 2.79998 9.7 2.775
1 3 .01 9.7 2.54998 9.7 2.575
1 3 .01 9.74 2.57998 9.74 2.76998
1 3 .01 9.74 2.76998 9.66 2.76998
1 3 .01 9.66 2.76998 9.66 2.57998
1 3 .01 9.66 2.57998 9.74 2.57998
0 6 0 9.7 2.525
6 0 90 9.86002 5.59498 9.94 5.95498 R300P60R11?ê1/8W
4 3 .036 9.91802 5.77496 .08396 90 1 0 &1
3 0 1 9.9 5.62498 .06 .06 .038 90 1
3 0 1 9.9 5.92498 .06 .06 .038 90 2
1 3 .01 9.9 5.89996 9.9 5.87498
1 3 .01 9.9 5.64996 9.9 5.67498
1 3 .01 9.94 5.67998 9.94 5.86996
1 3 .01 9.94 5.86996 9.86002 5.86996
1 3 .01 9.86002 5.86996 9.86002 5.67998
1 3 .01 9.86002 5.67998 9.94 5.67998
0 6 0 9.9 5.62498
6 0 90 9.76 2.495 9.84 2.855 R300P60R12?ê1/8W
4 3 .036 9.818 2.67498 .08396 90 1 0 &1
3 0 1 9.8 2.525 .06 .06 .038 90 1
3 0 1 9.8 2.825 .06 .06 .038 90 2
1 3 .01 9.8 2.79998 9.8 2.775
1 3 .01 9.8 2.54998 9.8 2.575
1 3 .01 9.84 2.57998 9.84 2.76998
1 3 .01 9.84 2.76998 9.76 2.76998
1 3 .01 9.76 2.76998 9.76 2.57998
1 3 .01 9.76 2.57998 9.84 2.57998
0 6 0 9.8 2.525
6 0 90 9.96 5.59498 10.04 5.95498 R300P60R12?ê1/8W
4 3 .036 10.018 5.77496 .08396 90 1 0 &1
3 0 1 10.0 5.62498 .06 .06 .038 90 1
3 0 1 10.0 5.92498 .06 .06 .038 90 2
1 3 .01 10.0 5.89996 10.0 5.87498
1 3 .01 10.0 5.64996 10.0 5.67498
1 3 .01 10.04 5.67998 10.04 5.86996
1 3 .01 10.04 5.86996 9.96 5.86996
1 3 .01 9.96 5.86996 9.96 5.67998
1 3 .01 9.96 5.67998 10.04 5.67998
0 6 0 10.0 5.62498
6 0 90 9.86 2.495 9.93998 2.855 R300P60R13?ê1/8W
4 3 .036 9.918 2.67498 .08396 90 1 0 &1
3 0 1 9.9 2.525 .06 .06 .038 90 1
3 0 1 9.9 2.825 .06 .06 .038 90 2
1 3 .01 9.9 2.79998 9.9 2.775
1 3 .01 9.9 2.54998 9.9 2.575
1 3 .01 9.93998 2.57998 9.93998 2.76998
1 3 .01 9.93998 2.76998 9.86 2.76998
1 3 .01 9.86 2.76998 9.86 2.57998
1 3 .01 9.86 2.57998 9.93998 2.57998
0 6 0 9.9 2.525
6 0 90 10.06 5.59498 10.14 5.95498 R300P60R13?ê1/8W
4 3 .036 10.118 5.77496 .08396 90 1 0 &1
3 0 1 10.1 5.62498 .06 .06 .038 90 1
3 0 1 10.1 5.92498 .06 .06 .038 90 2
1 3 .01 10.1 5.89996 10.1 5.87498
1 3 .01 10.1 5.64996 10.1 5.67498
1 3 .01 10.14 5.67998 10.14 5.86996
1 3 .01 10.14 5.86996 10.06 5.86996
1 3 .01 10.06 5.86996 10.06 5.67998
1 3 .01 10.06 5.67998 10.14 5.67998
0 6 0 10.1 5.62498
6 0 90 9.96 2.495 10.04 2.855 R300P60R14?ê1/8W
4 3 .036 10.018 2.67498 .08396 90 1 0 &1
3 0 1 10.0 2.525 .06 .06 .038 90 1
3 0 1 10.0 2.825 .06 .06 .038 90 2
1 3 .01 10.0 2.79998 10.0 2.775
1 3 .01 10.0 2.54998 10.0 2.575
1 3 .01 10.04 2.57998 10.04 2.76998
1 3 .01 10.04 2.76998 9.96 2.76998
1 3 .01 9.96 2.76998 9.96 2.57998
1 3 .01 9.96 2.57998 10.04 2.57998
0 6 0 10.0 2.525
6 0 90 10.16 5.59498 10.24 5.95498 R300P60R14?ê1/8W
4 3 .036 10.218 5.77496 .08396 90 1 0 &1
3 0 1 10.2 5.62498 .06 .06 .038 90 1
3 0 1 10.2 5.92498 .06 .06 .038 90 2
1 3 .01 10.2 5.89996 10.2 5.87498
1 3 .01 10.2 5.64996 10.2 5.67498
1 3 .01 10.24 5.67998 10.24 5.86996
1 3 .01 10.24 5.86996 10.16 5.86996
1 3 .01 10.16 5.86996 10.16 5.67998
1 3 .01 10.16 5.67998 10.24 5.67998
0 6 0 10.2 5.62498
6 0 90 10.26 5.59498 10.34 5.95498 R300P60R15?ê1/8W
4 3 .036 10.318 5.77496 .08396 90 1 0 &1
3 0 1 10.3 5.62498 .06 .06 .038 90 1
3 0 1 10.3 5.92498 .06 .06 .038 90 2
1 3 .01 10.3 5.89996 10.3 5.87498
1 3 .01 10.3 5.64996 10.3 5.67498
1 3 .01 10.34 5.67998 10.34 5.86996
1 3 .01 10.34 5.86996 10.26 5.86996
1 3 .01 10.26 5.86996 10.26 5.67998
1 3 .01 10.26 5.67998 10.34 5.67998
0 6 0 10.3 5.62498
6 0 0 5.131 3.42 5.331 4.72 IDC26READER
3 0 2 5.181 4.67 .062 .062 .028 0 1
3 0 1 5.281 4.67 .062 .062 .028 0 2
3 0 1 5.181 4.57 .062 .062 .028 0 3
3 0 1 5.281 4.57 .062 .062 .028 0 4
3 0 1 5.181 4.47 .062 .062 .028 0 5
3 0 1 5.281 4.47 .062 .062 .028 0 6
3 0 1 5.181 4.37 .062 .062 .028 0 7
3 0 1 5.281 4.37 .062 .062 .028 0 8
3 0 1 5.181 4.27 .062 .062 .028 0 9
3 0 1 5.281 4.27 .062 .062 .028 0 10
3 0 1 5.181 4.17 .062 .062 .028 0 11
3 0 1 5.281 4.17 .062 .062 .028 0 12
3 0 1 5.181 4.07 .062 .062 .028 0 13
3 0 1 5.281 4.07 .062 .062 .028 0 14
3 0 1 5.181 3.97 .062 .062 .028 0 15
3 0 1 5.281 3.97 .062 .062 .028 0 16
3 0 1 5.181 3.87 .062 .062 .028 0 17
3 0 1 5.281 3.87 .062 .062 .028 0 18
3 0 1 5.181 3.77 .062 .062 .028 0 19
3 0 1 5.281 3.77 .062 .062 .028 0 20
3 0 1 5.181 3.67 .062 .062 .028 0 21
3 0 1 5.281 3.67 .062 .062 .028 0 22
3 0 1 5.181 3.57 .062 .062 .028 0 23
3 0 1 5.281 3.57 .062 .062 .028 0 24
3 0 1 5.181 3.47 .062 .062 .028 0 25
3 0 1 5.281 3.47 .062 .062 .028 0 26
1 3 .012 5.131 4.72 5.331 4.72
1 3 .012 5.131 3.42 5.131 4.72
1 3 .012 5.131 3.42 5.331 3.42
1 3 .012 5.331 3.42 5.331 4.72
1 3 .012 5.231 4.62 5.231 4.72
1 3 .012 5.131 4.62 5.231 4.62
0 6 0 5.181 4.67
6 0 0 6.55 3.475 6.74996 3.575 SIP2RST?
4 3 .06 6.65 3.6 .15992 0 1 0 &1
3 0 2 6.6 3.525 .06 .06 .038 0 1
3 0 1 6.7 3.525 .06 .06 .038 0 2
1 3 .01 6.55 3.475 6.74996 3.475
1 3 .01 6.74996 3.475 6.74996 3.575
1 3 .01 6.74996 3.575 6.55 3.575
1 3 .01 6.55 3.575 6.55 3.475
0 6 0 6.6 3.525
6 0 90 7.935 3.245 8.01498 3.605 R300P60Rled?ê1/8W
4 3 .036 7.993 3.425 .11394 90 1 0 &1
3 0 1 7.975 3.275 .06 .06 .038 90 1
3 0 1 7.975 3.575 .06 .06 .038 90 2
1 3 .01 7.975 3.55 7.975 3.525
1 3 .01 7.975 3.3 7.975 3.325
1 3 .01 8.01498 3.33 8.01498 3.52
1 3 .01 8.01498 3.52 7.935 3.52
1 3 .01 7.935 3.52 7.935 3.33
1 3 .01 7.935 3.33 8.01498 3.33
0 6 0 7.975 3.275
6 0 0 7.37 3.535 7.73 3.615 R300P60Rrst?ê1/8W
4 3 .036 7.55 3.55698 .13192 0 1 0 &1
3 0 1 7.4 3.575 .06 .06 .038 0 1
3 0 1 7.7 3.575 .06 .06 .038 0 2
1 3 .01 7.675 3.575 7.65 3.575
1 3 .01 7.425 3.575 7.45 3.575
1 3 .01 7.45498 3.535 7.645 3.535
1 3 .01 7.645 3.535 7.645 3.615
1 3 .01 7.645 3.615 7.45498 3.615
1 3 .01 7.45498 3.615 7.45498 3.535
0 6 0 7.4 3.575
6 0 270 7.195 2.325 7.855 4.43 DIP40U1AtmelMega16L
4 3 .06 7.575 3.375 .08996 90 9 0 &1
4 3 .06 7.325 3.375 .64964 90 9 0 &2
3 0 2 7.225 4.325 .06 .06 .038 270 1
3 0 1 7.225 4.22498 .06 .06 .038 270 2
3 0 1 7.225 4.125 .06 .06 .038 270 3
3 0 1 7.225 4.025 .06 .06 .038 270 4
3 0 1 7.225 3.925 .06 .06 .038 270 5
3 0 1 7.225 3.825 .06 .06 .038 270 6
3 0 1 7.225 3.72498 .06 .06 .038 270 7
3 0 1 7.225 3.625 .06 .06 .038 270 8
3 0 1 7.225 3.525 .06 .06 .038 270 9
3 0 1 7.225 3.425 .06 .06 .038 270 10
3 0 1 7.225 3.325 .06 .06 .038 270 11
3 0 1 7.225 3.22498 .06 .06 .038 270 12
3 0 1 7.225 3.125 .06 .06 .038 270 13
3 0 1 7.225 3.025 .06 .06 .038 270 14
3 0 1 7.225 2.925 .06 .06 .038 270 15
3 0 1 7.225 2.825 .06 .06 .038 270 16
3 0 1 7.225 2.72498 .06 .06 .038 270 17
3 0 1 7.225 2.625 .06 .06 .038 270 18
3 0 1 7.225 2.525 .06 .06 .038 270 19
3 0 1 7.225 2.425 .06 .06 .038 270 20
3 0 1 7.825 2.425 .06 .06 .038 270 21
3 0 1 7.825 2.525 .06 .06 .038 270 22
3 0 1 7.825 2.625 .06 .06 .038 270 23
3 0 1 7.825 2.72498 .06 .06 .038 270 24
3 0 1 7.825 2.825 .06 .06 .038 270 25
3 0 1 7.825 2.925 .06 .06 .038 270 26
3 0 1 7.825 3.025 .06 .06 .038 270 27
3 0 1 7.825 3.125 .06 .06 .038 270 28
3 0 1 7.825 3.22498 .06 .06 .038 270 29
3 0 1 7.825 3.325 .06 .06 .038 270 30
3 0 1 7.825 3.425 .06 .06 .038 270 31
3 0 1 7.825 3.525 .06 .06 .038 270 32
3 0 1 7.825 3.625 .06 .06 .038 270 33
3 0 1 7.825 3.72498 .06 .06 .038 270 34
3 0 1 7.825 3.825 .06 .06 .038 270 35
3 0 1 7.825 3.925 .06 .06 .038 270 36
3 0 1 7.825 4.025 .06 .06 .038 270 37
3 0 1 7.825 4.125 .06 .06 .038 270 38
3 0 1 7.825 4.22498 .06 .06 .038 270 39
3 0 1 7.825 4.325 .06 .06 .038 270 40
2 3 .01 7.525 4.425 .05 180 180 0 0
1 3 .01 7.825 4.375 7.825 4.425
1 3 .01 7.825 4.425 7.575 4.425
1 3 .01 7.475 4.425 7.225 4.425
1 3 .01 7.225 4.425 7.225 4.375
1 3 .01 7.225 2.375 7.225 2.325
1 3 .01 7.225 2.325 7.825 2.325
1 3 .01 7.825 2.325 7.825 2.375
0 6 0 7.225 4.325
6 0 270 6.62802 3.07802 7.072 3.27198 HC-49X18MHz
4 3 .048 6.65 3.3 .1679 0 0 0 &2
4 3 .048 6.951 3.05102 .07196 90 10 0 &1
3 0 1 6.74996 3.175 .06 .06 .021 270 1
3 0 1 6.95 3.175 .06 .06 .021 270 2
2 3 .01 6.975 3.175 .092 270 180 0 0
2 3 .01 6.725 3.175 .092 90 180 0 0
1 3 .01 6.725 3.083 6.975 3.083
1 3 .01 6.725 3.267 6.975 3.267
0 6 0 6.85 3.175
4 3 .037 2.089 1.344 .25274 0 0 0 settings
4 3 .037 5.037 3.651 .04932 0 0 0 21
4 3 .037 5.072 4.158 .04932 0 0 0 11
4 3 .037 5.072 4.255 .0185 0 0 0 9
4 3 .037 5.037 3.452 .04932 0 0 0 25
4 3 .037 5.093 4.66 .0185 0 0 0 1
4 3 .079 2.499 2.572 .03946 0 0 0 1
4 3 .037 4.08 3.063 .04932 0 0 0 35
4 3 .037 3.845 2.557 .04932 0 0 0 30
4 3 .037 3.84 2.055 .04932 0 0 0 25
4 3 .037 3.082 1.656 .04932 0 0 0 20
4 3 .037 3.098 2.152 .04932 0 0 0 15
4 3 .037 3.103 2.664 .04932 0 0 0 10
4 3 .037 3.113 3.161 .0185 0 0 0 5
4 3 .037 3.108 3.565 .0185 0 0 0 1
4 3 .037 5.089 3.841 .28974 90 0 0 RW BADGE
4 3 .037 5.411 2.67 .28356 90 0 0 KEYBOARD
4 3 .037 5.431 1.773 .1726 90 0 0 RELAY
4 3 .037 1.337 2.874 .37604 90 0 0 SPIE UTENZE
4 3 .037 1.347 3.759 .23426 90 0 0 DISPLAY
4 3 .037 3.896 4.507 .1233 0 0 0 +24V
4 3 .037 2.878 4.496 .09246 0 0 0 +5V
4 3 .06 2.692 2.141 .08996 0 0 0 C1
4 3 .06 2.915 2.141 .08996 0 0 0 C2
4 3 .06 3.833 3.555 .14992 0 0 0 /S1
4 3 .06 3.833 3.456 .14992 0 0 0 /S3
4 3 .06 3.833 3.357 .14992 0 0 0 /S4
4 3 .06 3.833 3.158 .21988 0 0 0 /RCP
4 3 .06 3.833 3.257 .23986 0 0 0 /WCP
4 3 .06 3.833 3.059 .21988 0 0 0 /RDT
4 3 .06 2.866 3.357 .27984 0 0 0 /CONT
4 3 .06 2.915 3.257 .23986 0 0 0 /WDT
3 0 3 1.516 1.646 .05 .05 .028 0 0
3 0 3 1.782 3.953 .05 .05 .028 0 0
3 0 3 1.782 3.119 .05 .05 .028 0 0
3 0 3 1.71 2.92 .05 .05 .028 0 0
3 0 3 1.71 3.749 .05 .05 .028 0 0
3 0 3 2.099 1.984 .05 .05 .028 0 0
3 0 3 2.196 1.887 .05 .05 .028 0 0
3 0 3 2.391 1.656 .05 .05 .028 0 0
3 0 3 2.294 1.769 .05 .05 .028 0 0
3 0 3 2.728 3.088 .05 .05 .028 0 0
3 0 3 3.465 3.861 .05 .05 .028 0 0
3 0 3 3.399 2.588 .05 .05 .028 0 0
3 0 3 3.399 2.393 .05 .05 .028 0 0
3 0 3 3.634 3.923 .05 .05 .028 0 0
3 0 3 4.3 3.923 .05 .05 .028 0 0
3 0 3 4.295 3.86 .05 .05 .028 0 0
3 0 3 4.812 2.905 .05 .05 .028 0 0
3 0 3 4.802 2.798 .05 .05 .028 0 0
3 0 1 1.746 3.02 .07 .07 .03 0 0
3 0 1 4.14 1.703 .07 .07 .03 0 0
3 0 1 1.531 4.333 .062 .062 .03 0 0
3 0 1 1.531 4.429 .062 .062 .03 0 0
3 0 1 2.741 2.265 .062 .062 0 0 0
3 0 1 2.94 2.265 .062 .062 0 0 0
3 0 1 2.816 2.117 .062 .062 0 0 0
3 0 1 2.865 2.117 .062 .062 0 0 0
3 0 1 2.651 3.493 .07 .07 .03 0 0
3 0 1 2.651 3.387 .07 .07 .03 0 0
3 0 3 6.225 4.5 .045 .045 .025 0 0
3 0 3 6.225 1.9 .045 .045 .025 0 0
3 0 3 8.325 1.9 .045 .045 .025 0 0
3 0 3 8.325 4.5 .045 .045 .025 0 0
3 0 3 8.925 4.5 .045 .045 .025 0 0
3 0 3 8.925 1.9 .045 .045 .025 0 0
3 0 3 11.025 1.9 .045 .045 .025 0 0
3 0 3 11.025 4.5 .045 .045 .025 0 0
3 0 3 9.225 7.6 .045 .045 .025 0 0
3 0 3 9.225 4.99998 .045 .045 .025 0 0
3 0 3 11.325 4.99998 .045 .045 .025 0 0
3 0 3 11.325 7.6 .045 .045 .025 0 0
1 3 .012 4.143 1.42 4.143 1.71
1 3 .012 2.601 1.42 4.143 1.42
1 3 .012 2.601 1.42 2.601 2.465
1 3 .012 2.299 2.465 2.601 2.465
1 3 .012 1.755 3.009 2.299 2.465
1 3 .001 6.125 4.6 8.425 4.6
1 3 .001 8.425 4.6 8.425 1.8
1 3 .001 8.425 1.8 6.125 1.8
1 3 .001 6.125 1.8 6.125 4.6
1 3 .001 8.825 4.6 11.125 4.6
1 3 .001 11.125 4.6 11.125 1.8
1 3 .001 11.125 1.8 8.825 1.8
1 3 .001 8.825 1.8 8.825 4.6
1 3 .001 9.125 7.7 11.425 7.7
1 3 .001 11.425 7.7 11.425 4.9
1 3 .001 11.425 4.9 9.125 4.9
1 3 .001 9.125 4.9 9.125 7.7
1 7 .012 2.66 4.42 2.822 4.258
1 7 .024 2.617 2.592 2.745 2.464
1 7 .012 3.788 3.278 4.781 4.271
1 7 .012 3.788 3.181 4.827 4.22
1 7 .012 3.788 3.083 4.879 4.174
1 7 .012 3.46 3.861 4.295 3.86
1 7 .012 2.821 3.949 2.974 3.796
1 7 .047 3.282 2.577 3.374 2.485
1 7 .012 1.828 1.892 2.196 1.887
1 7 .012 4.203 2.475 4.208 2.9
1 7 .012 2.659 3.387 2.994 3.722
1 7 .047 5.176 2.073 5.467 2.071
1 7 .012 2.186 1.17 2.189 1.474
1 7 .047 1.235 1.18 1.424 1.18
1 7 .047 1.424 1.18 1.629 1.18
1 7 .047 1.628 1.18 3.558 1.18
1 7 .047 3.553 1.18 5.477 1.18
1 7 .047 1.235 2.879 1.235 3.693
1 7 .047 1.235 2.099 1.235 2.879
1 7 .047 1.235 1.18 1.235 2.05
1 7 .047 1.235 3.688 1.235 4.681
1 7 .047 1.235 4.64 1.235 4.706
1 7 .012 1.995 1.474 2.394 1.474
1 7 .012 2.189 1.474 2.394 1.474
1 7 .012 1.516 1.646 1.516 1.989
1 7 .012 1.823 1.769 2.294 1.769
1 7 .012 2.294 1.769 2.299 1.769
1 7 .012 2.391 1.656 2.396 1.656
1 7 .012 1.813 1.656 2.391 1.656
1 7 .012 1.782 3.119 1.782 3.959
1 7 .012 1.674 4.174 1.674 4.323
1 7 .012 1.69 4.318 1.69 4.42
1 7 .012 1.71 2.879 1.71 2.922
1 7 .012 1.782 3.114 1.808 3.088
1 7 .039 1.235 2.099 1.532 2.099
1 7 .039 1.526 2.098 2.842 2.098
1 7 .012 3.189 2.091 3.404 2.091
1 7 .012 2.094 1.984 2.099 1.984
1 7 .012 1.823 1.984 2.099 1.984
1 7 .012 2.053 4.328 2.053 4.707
1 7 .012 2.196 1.887 2.202 1.892
1 7 .024 2.745 2.464 2.842 2.464
1 7 .047 3.374 2.485 3.558 2.485
1 7 .012 3.768 2.475 4.203 2.475
1 7 .012 3.788 2.373 4.285 2.373
1 7 .047 1.235 2.879 1.537 2.879
1 7 .012 1.71 2.879 3.195 2.879
1 7 .047 3.184 2.577 3.282 2.577
1 7 .012 4.285 2.798 4.807 2.798
1 7 .047 3.558 2.685 3.788 2.685
1 7 .012 3.737 2.685 3.788 2.685
1 7 .012 3.191 2.773 3.328 2.773
1 7 .012 2.822 4.243 2.822 4.258
1 7 .024 2.842 2.098 2.842 2.116
1 7 .024 2.842 2.122 2.842 2.464
1 7 .024 2.617 2.587 2.617 2.69
1 7 .012 2.621 3.949 2.621 4.174
1 7 .039 5.069 3.001 5.24 2.989
1 7 .012 5.235 2.985 5.447 2.997
1 7 .012 1.808 3.088 2.728 3.088
1 7 .012 2.646 3.181 2.652 3.181
1 7 .012 4.208 2.9 4.817 2.9
1 7 .047 5.234 2.985 5.477 2.997
1 7 .012 3.111 4.396 3.111 4.403
1 7 .012 2.906 4.409 2.906 4.42
1 7 .012 2.906 4.42 2.906 4.431
1 7 .012 2.998 4.41 2.998 4.42
1 7 .012 3.128 4.41 3.128 4.431
1 7 .039 3.132 3.946 3.132 4.458
1 7 .047 3.466 4.604 3.466 4.706
1 7 .047 3.466 4.461 3.466 4.604
1 7 .012 3.399 2.393 3.399 2.398
1 7 .012 3.399 2.588 3.399 3.801
1 7 .012 3.399 2.583 3.399 2.588
1 7 .012 3.399 2.091 3.399 2.393
1 7 .012 3.324 2.781 3.324 3.722
1 7 .047 1.424 3.693 1.542 3.693
1 7 .047 1.235 3.693 1.424 3.693
1 7 .012 2.974 3.796 3.404 3.796
1 7 .012 2.994 3.722 3.324 3.722
1 7 .047 3.558 1.18 3.558 2.485
1 7 .047 3.558 2.475 3.558 2.685
1 7 .039 2.919 3.946 3.132 3.946
1 7 .012 3.629 3.923 4.3 3.923
1 7 .012 2.621 3.949 2.719 3.949
1 7 .012 3.039 4.403 3.111 4.403
1 7 .012 2.948 4.396 3.111 4.396
1 7 .012 2.906 4.409 3.085 4.409
1 7 .012 2.906 4.42 3.06 4.42
1 7 .012 2.906 4.42 3.06 4.42
1 7 .012 2.906 4.431 3.032 4.431
1 7 .012 2.903 4.431 3.032 4.431
1 7 .012 2.998 4.42 3.124 4.42
1 7 .012 2.998 4.41 3.128 4.41
1 7 .012 2.989 4.431 3.128 4.431
1 7 .012 2.989 4.431 3.126 4.431
1 7 .047 5.201 4.476 5.477 4.476
1 7 .039 3.132 4.458 3.47 4.458
1 7 .047 3.466 4.461 5.176 4.461
1 7 .047 5.176 4.461 5.283 4.461
1 7 .047 5.181 4.363 5.283 4.363
1 7 .012 4.781 4.271 5.18 4.271
1 7 .004 4.827 4.22 5.231 4.22
1 7 .012 4.879 4.174 5.185 4.174
1 7 .012 1.987 4.328 2.053 4.328
1 7 .012 1.674 4.174 2.621 4.174
1 7 .012 1.234 4.333 1.536 4.333
1 7 .012 4.285 2.373 4.285 2.798
1 7 .047 3.466 4.604 3.563 4.604
1 7 .047 3.364 4.604 3.563 4.604
1 7 .047 1.235 4.706 3.471 4.706
1 7 .039 5.069 2.643 5.069 3.001
1 7 .047 5.283 4.363 5.283 4.461
1 7 .047 5.181 4.363 5.181 4.455
1 7 .004 5.231 4.22 5.272 4.261
1 7 .047 5.477 1.18 5.477 2.997
1 7 .047 5.477 2.992 5.477 4.476
1 7 .015 11.1 7.225 11.05 7.275
1 7 .015 10.7 7.5 10.75 7.45
1 7 .015 10.75 7.45 10.75 7.325
1 7 .015 11.05 7.275 10.8 7.275
1 7 .015 10.8 7.275 10.75 7.35
1 8 .039 3.66 2.687 3.784 2.563
1 8 .012 3.788 3.585 3.967 3.764
1 8 .012 3.793 3.385 4.029 3.621
1 8 .012 3.783 3.483 3.967 3.667
1 8 .012 3.194 3.273 3.987 4.066
1 8 .012 3.189 3.38 3.931 4.122
1 8 .012 3.194 3.488 3.634 3.923
1 8 .012 3.184 3.585 3.465 3.861
1 8 .012 2.294 1.769 3.195 1.774
1 8 .157 3.635 1.277 5.416 1.277
1 8 .157 1.288 1.278 3.637 1.278
1 8 .157 1.291 1.589 1.291 4.251
1 8 .157 1.291 4.231 1.291 4.589
1 8 .157 1.289 1.292 1.291 1.641
1 8 .157 1.291 4.588 3.154 4.588
1 8 .157 3.637 1.278 3.64 2.685
1 8 .157 5.416 1.277 5.416 2.598
1 8 .004 2.651 3.489 2.769 3.607
1 8 .004 2.769 4.115 2.899 4.245
1 8 .004 4.869 1.912 5.238 1.914
1 8 .047 5.278 1.668 5.395 1.666
1 8 .004 4.864 1.814 5.238 1.816
1 8 .004 4.361 2.014 5.237 2.016
1 8 .012 4.864 1.968 5.181 1.97
1 8 .012 2.196 1.887 2.199 1.581
1 8 .012 2.094 1.989 2.097 1.566
1 8 .012 1.992 2.183 1.995 1.581
1 8 .012 2.294 1.769 2.297 1.576
1 8 .012 1.516 1.646 1.516 1.651
1 8 .012 1.427 3.08 1.482 3.025
1 8 .004 1.434 3.99 1.475 3.949
1 8 .004 1.434 3.892 1.475 3.851
1 8 .004 1.434 3.79 1.475 3.749
1 8 .004 1.424 2.971 1.475 2.92
1 8 .004 1.423 3.175 1.474 3.124
1 8 .012 1.285 1.538 1.291 1.544
1 8 .012 4.03 1.885 4.14 1.885
1 8 .012 3.79 1.885 4.03 1.885
1 8 .012 4.264 1.912 4.873 1.912
1 8 .012 4.228 1.815 4.863 1.815
1 8 .012 2.391 1.656 3.189 1.656
1 8 .012 2.196 1.887 3.189 1.887
1 8 .012 1.291 1.651 1.516 1.651
1 8 .012 3.788 1.984 4.228 1.984
1 8 .012 4.315 1.968 4.868 1.968
1 8 .012 3.793 2.178 4.315 2.178
1 8 .012 3.788 2.081 4.264 2.081
1 8 .012 2.094 1.989 3.195 1.989
1 8 .012 1.992 2.183 3.189 2.183
1 8 .012 1.823 2.183 1.997 2.183
1 8 .012 1.296 2.183 1.526 2.183
1 8 .012 1.987 4.425 1.987 4.579
1 8 .012 3.788 2.275 4.361 2.275
1 8 .015 2.841 2.489 3.188 2.489
1 8 .015 2.94 2.389 3.188 2.389
1 8 .039 2.319 4.245 2.319 4.588
1 8 .015 2.525 3.185 2.525 3.845
1 8 .012 2.391 1.656 2.394 1.586
1 8 .012 5.263 2.62 5.383 2.62
1 8 .012 5.257 2.624 5.375 2.624
1 8 .012 5.257 2.608 5.383 2.608
1 8 .012 5.258 2.608 5.383 2.608
1 8 .012 5.258 2.608 5.375 2.608
1 8 .012 5.257 2.608 5.375 2.608
1 8 .012 5.257 2.608 5.385 2.608
1 8 .012 5.258 2.608 5.385 2.608
1 8 .012 5.254 2.572 5.406 2.572
1 8 .012 5.254 2.584 5.419 2.584
1 8 .012 5.254 2.584 5.419 2.584
1 8 .012 5.254 2.597 5.419 2.597
1 8 .012 4.865 2.743 5.255 2.743
1 8 .012 4.858 2.846 5.258 2.846
1 8 .039 3.188 2.687 3.66 2.687
1 8 .012 3.02 2.781 3.189 2.781
1 8 .012 4.146 2.695 4.817 2.695
1 8 .012 4.802 2.798 4.807 2.798
1 8 .012 3.64 2.782 3.788 2.782
1 8 .015 2.741 2.265 2.741 2.389
1 8 .015 2.717 2.687 2.717 2.712
1 8 .024 2.816 2.577 2.816 2.69
1 8 .024 2.724 2.582 2.724 2.69
1 8 .012 2.815 2.689 2.815 2.981
1 8 .012 2.723 2.679 2.723 3.088
1 8 .004 2.769 3.607 2.769 4.115
1 8 .015 2.741 2.389 2.841 2.489
1 8 .012 4.839 2.95 5.255 2.95
1 8 .012 1.482 3.025 1.729 3.025
1 8 .012 2.918 2.884 3.189 2.884
1 8 .012 2.815 2.981 3.189 2.981
1 8 .012 2.723 3.088 3.189 3.088
1 8 .012 1.633 3.124 1.787 3.124
1 8 .004 1.474 2.92 1.71 2.92
1 8 .004 1.474 3.124 1.787 3.124
1 8 .012 2.646 3.181 3.194 3.181
1 8 .012 3.773 2.982 4.146 2.982
1 8 .015 2.525 3.185 3.195 3.185
1 8 .039 3.037 4.257 3.037 4.34
1 8 .024 3.021 2.587 3.021 2.69
1 8 .012 3.02 2.689 3.02 2.781
1 8 .015 2.94 2.265 2.94 2.389
1 8 .024 2.919 2.582 2.919 2.69
1 8 .012 2.918 2.689 2.918 2.884
1 8 .047 1.291 3.278 1.424 3.278
1 8 .012 3.399 2.393 3.399 2.588
1 8 .004 1.474 3.749 1.71 3.749
1 8 .012 3.967 3.764 5.19 3.764
1 8 .004 4.029 3.621 5.231 3.621
1 8 .012 3.967 3.667 5.19 3.667
1 8 .012 3.64 2.659 3.64 2.782
1 8 .012 3.629 3.923 3.634 3.923
1 8 .012 3.46 3.861 3.465 3.861
1 8 .047 1.291 4.102 1.434 4.102
1 8 .012 3.987 4.066 5.18 4.066
1 8 .004 3.931 4.122 5.226 4.122
1 8 .012 4.295 3.861 5.19 3.861
1 8 .004 4.3 3.923 5.231 3.923
1 8 .012 1.643 3.948 1.782 3.948
1 8 .004 1.474 3.948 1.782 3.948
1 8 .004 1.474 3.846 2.524 3.846
1 8 .012 4.14 1.727 4.14 1.885
1 8 .012 4.146 2.695 4.146 2.982
1 8 .012 2.629 4.422 2.693 4.422
1 8 .039 2.321 4.34 3.037 4.34
1 8 .012 1.531 4.425 1.685 4.425
1 8 .012 2.714 4.249 2.824 4.249
1 8 .012 4.361 2.014 4.361 2.275
1 8 .012 4.315 1.968 4.315 2.178
1 8 .012 4.264 1.912 4.264 2.081
1 8 .012 4.228 1.815 4.228 1.984
1 8 .047 5.171 4.568 5.298 4.568
1 8 .047 5.171 4.67 5.298 4.67
1 8 .047 3.753 4.594 5.165 4.594
1 8 .012 4.817 2.695 4.865 2.743
1 8 .012 4.809 2.797 4.858 2.846
1 8 .012 4.815 2.907 4.839 2.95
1 8 .012 5.257 2.608 5.257 2.624
1 8 .012 5.254 2.572 5.254 2.584
1 8 .012 5.255 2.707 5.255 2.743
1 8 .012 5.258 2.803 5.258 2.846
1 8 .012 5.261 2.903 5.255 2.95
1 8 .047 5.298 4.568 5.298 4.67
1 8 .047 5.171 4.568 5.171 4.67
1 8 .004 5.237 2.016 5.283 1.97
1 8 .004 5.238 1.816 5.284 1.77
1 8 .004 5.238 1.914 5.284 1.868
1 8 .004 5.231 3.621 5.272 3.662
1 8 .004 5.226 4.122 5.282 4.066
1 8 .004 5.231 3.923 5.277 3.877
1 8 .015 6.475 3.15 6.52502 3.1
1 8 .015 6.52502 3.1 6.77502 3.1
1 8 .015 6.74996 3.175 6.82502 3.225
1 8 .015 6.82502 3.225 7.225 3.225
1 8 .015 6.375 3.15 6.37496 3.25
1 8 .06 7.225 3.325 6.52502 3.325
1 8 .015 6.9 3.825 7.225 3.825
1 8 .015 6.9 3.725 7.225 3.725
1 8 .015 6.9 3.625 7.225 3.625
1 8 .015 6.9 3.525 7.225 3.525
1 8 .015 6.99996 3.425 6.95 3.425
1 8 .015 6.95002 3.425 6.95002 3.325
1 8 .015 6.7 3.525 6.9 3.525
1 8 .015 6.7 3.525 6.7 3.4
1 8 .06 6.4 3.4 6.52502 3.325
1 8 .015 7.9 3.475 7.9 3.375
1 8 .015 7.9 3.375 7.825 3.325
1 8 .015 7.9 3.475 7.825 3.525
1 8 .04 7.225 3.325 7.325 3.375
1 8 .04 7.325 3.375 7.725 3.375
1 8 .04 7.725 3.375 7.825 3.425
1 8 .015 7.225 3.425 7.325 3.475
1 8 .015 7.725 3.475 7.825 3.525
1 8 .015 7.825 4.325 8.1 4.325
1 8 .015 8.1 4.225 7.825 4.225
1 8 .015 7.825 4.125 8.1 4.125
1 8 .015 7.825 4.025 8.1 4.025
1 8 .015 7.825 3.925 8.1 3.925
1 8 .015 7.825 3.825 8.1 3.825
1 8 .015 7.825 3.725 8.1 3.725
1 8 .015 7.825 3.125 8.1 3.125
1 8 .015 7.825 3.025 8.1 3.025
1 8 .015 7.825 2.925 8.1 2.925
1 8 .015 7.825 2.825 8.1 2.825
1 8 .015 7.825 2.725 8.1 2.725
1 8 .015 7.825 2.625 8.1 2.625
1 8 .015 7.825 2.525 8.1 2.525
1 8 .015 6.475 4.325 7.2 4.325
1 8 .015 6.475 4.225 7.25 4.225
1 8 .015 6.475 4.125 7.225 4.125
1 8 .015 6.475 4.025 7.225 4.025
1 8 .015 6.475 3.925 7.225 3.925
1 8 .015 6.475 3.825 6.89998 3.825
1 8 .015 6.5 3.725 6.89998 3.725
1 8 .015 6.475 3.625 6.89998 3.625
1 8 .015 7.825 2.425 8.1 2.425
1 8 .06 6.375 4.325 6.375 2.425
1 8 .06 8.2 4.325 8.2 2.425
1 8 .015 6.95 3.175 7.15 3.175
1 8 .015 7.15 3.175 7.225 3.125
1 8 .015 6.475 3.025 7.225 3.025
1 8 .015 6.475 2.925 7.225 2.925
1 8 .015 6.475 2.825 7.225 2.825
1 8 .015 6.475 2.725 7.225 2.725
1 8 .015 6.475 2.625 7.225 2.625
1 8 .015 6.475 2.525 7.225 2.525
1 8 .015 6.475 2.425 7.225 2.425
1 8 .015 6.95 3.175 6.875 3.1
1 8 .015 6.875 3.1 6.77502 3.1
1 8 .015 6.75 3.175 6.675 3.25
1 8 .015 6.475 3.25 6.675 3.25
1 8 .015 6.6 3.525 6.375 3.525
1 8 .015 7.725 3.475 7.325 3.475
1 8 .015 7.225 3.525 7.325 3.575
1 8 .015 7.325 3.575 7.4 3.575
1 8 .015 7.69998 3.575 7.825 3.525
1 8 .06 6.375 4.425 8.2 4.425
1 8 .015 6.90002 3.425 6.95002 3.425
1 8 .015 7.825 3.525 7.975 3.575
1 8 .015 7.975 3.275 8.1 3.425
1 8 .06 8.2 4.325 8.2 4.425
1 8 .06 6.375 4.325 6.375 4.425
1 8 .06 7.225 3.325 7.325 3.275
1 8 .06 7.325 3.275 7.325 2.4
1 8 .015 7.825 3.325 7.75 3.24998
1 8 .015 7.75 3.24998 7.75 2.34998
1 8 .04 6.825 2.0 7.05 2.0
1 8 .06 6.95 2.0 6.95 2.2
1 8 .06 6.95 2.2 7.075 2.325
1 8 .06 7.075 2.325 7.25 2.325
1 8 .06 7.25 2.325 7.325 2.4
1 8 .04 6.575 2.0 6.575 2.12504
1 8 .04 6.575 2.12504 6.7 2.225
1 8 .04 6.7 2.225 6.8 2.225
1 8 .015 7.8 2.1 7.75 2.225
1 8 .03 7.35 2.225 7.325 2.175
1 8 .03 7.325 2.175 7.325 2.0
1 8 .06 6.95 2.0 6.95 1.925
1 8 .06 8.125 1.95 8.075 1.9
1 8 .06 8.075 1.9 7.775 1.9
1 8 .06 7.775 1.9 7.7 1.85
1 8 .06 7.7 1.85 7.0 1.85
1 8 .06 7.0 1.85 6.95 1.925
1 8 .015 7.75 2.225 7.75 2.35
1 8 .015 7.2 2.225 7.25 2.225
1 8 .03 8.125 2.1 7.8 2.1
1 8 .015 7.25 2.225 7.35 2.325
1 8 .015 7.75 2.225 7.675 2.325
1 8 .015 7.675 2.325 7.35 2.325
1 8 .015 7.825 3.625 7.875 3.65
1 8 .015 7.875 3.65 8.05 3.65
1 8 .015 8.05 3.65 8.1 3.625
1 8 .015 7.825 3.225 7.875 3.2
1 8 .015 7.875 3.2 8.05 3.2
1 8 .015 8.05 3.2 8.1 3.225
1 8 .06 10.9 4.325 10.9 2.425
1 8 .04 8.9 2.1 8.9 4.35
1 8 .04 8.9 4.35 9.0 4.45
1 8 .04 9.4 4.3 9.5 4.3
1 8 .04 9.5 4.3 9.5 4.4
1 8 .04 9.5 4.4 9.4 4.4
1 8 .04 9.4 4.4 9.35 4.45
1 8 .04 9.35 4.45 9.0 4.45
1 8 .04 9.7 4.3 9.6 4.3
1 8 .04 9.6 4.3 9.6 4.4
1 8 .04 9.6 4.4 9.7 4.4
1 8 .04 9.7 4.4 9.775 4.475
1 8 .04 9.775 4.475 10.725 4.475
1 8 .04 10.725 4.475 10.9 4.35
1 8 .06 10.9 2.025 10.9 2.425
1 8 .06 9.075 2.425 9.075 2.35
1 8 .06 9.075 2.35 9.1 2.325
1 8 .06 9.1 2.325 9.49998 2.325
1 8 .015 9.175 2.425 9.325 2.525
1 8 .015 9.325 2.525 9.4 2.525
1 8 .015 9.4 2.525 9.4 2.425
1 8 .015 9.5 2.525 9.5 2.425
1 8 .015 9.6 2.525 9.6 2.425
1 8 .015 9.7 2.525 9.7 2.425
1 8 .015 9.8 2.525 9.8 2.425
1 8 .015 9.5 2.525 9.45 2.575
1 8 .015 9.45 2.575 9.325 2.575
1 8 .015 9.6 2.525 9.53498 2.61
1 8 .015 9.53498 2.61 9.21 2.61
1 8 .015 9.7 2.525 9.57 2.645
1 8 .015 9.57 2.645 9.24502 2.645
1 8 .015 9.8 2.525 9.63 2.68
1 8 .015 9.63 2.68 9.33 2.68
1 8 .015 9.325 2.575 9.225 2.575
1 8 .015 9.225 2.575 9.175 2.525
1 8 .06 9.5 2.325 10.0 2.325
1 8 .015 10.625 3.3 10.6 3.3
1 8 .015 9.175 3.625 9.4 3.625
1 8 .015 9.4 3.625 9.45 3.575
1 8 .015 9.45 3.575 9.775 3.575
1 8 .015 9.775 3.575 9.825 3.625
1 8 .015 9.175 3.825 9.4 3.825
1 8 .015 9.4 3.825 9.45 3.775
1 8 .015 9.45 3.775 9.775 3.775
1 8 .015 9.775 3.775 9.825 3.825
1 8 .015 9.175 3.925 9.125 3.875
1 8 .015 9.125 3.875 9.125 3.8
1 8 .015 9.125 3.8 9.15 3.775
1 8 .015 9.15 3.775 9.35 3.775
1 8 .015 9.35 3.775 9.4 3.725
1 8 .06 9.925 3.525 9.075 3.525
1 8 .015 9.175 3.725 9.3 3.725
1 8 .015 9.3 3.725 9.35 3.675
1 8 .015 9.35 3.675 9.775 3.675
1 8 .015 9.775 3.675 9.825 3.725
1 8 .06 10.5 3.5 10.9 3.5
1 8 .015 9.9 2.53498 9.9 2.425
1 8 .015 9.9 2.53498 9.69 2.71998
1 8 .015 9.69 2.71998 9.4 2.72002
1 8 .015 9.175 2.625 9.21 2.61
1 8 .015 10.0 2.525 9.735 2.76
1 8 .015 9.735 2.76 9.36 2.76
1 8 .015 9.175 2.72 9.245 2.645
1 8 .015 9.174 2.829 9.294 2.68
1 8 .015 9.294 2.68 9.33 2.68
1 8 .015 9.4 2.72004 9.325 2.72004
1 8 .015 9.325 2.72004 9.175 2.925
1 8 .015 9.175 3.03 9.36 2.76
1 8 .015 9.905 2.525 9.9 2.53498
1 8 .015 9.9 2.525 9.905 2.525
1 8 .04 9.398 3.928 9.462 4.0
1 8 .04 9.462 4.0 9.769 4.0
1 8 .015 9.185 2.829 9.174 2.829
1 8 .015 9.175 2.825 9.185 2.829
1 8 .04 10.491 2.502 10.594 2.502
1 8 .04 10.594 2.502 10.705 2.297
1 8 .04 10.705 2.297 10.91 2.297
1 8 .015 10.75 2.75 10.8 2.725
1 8 .015 10.75 2.555 10.805 2.53
1 8 .04 8.9 2.1 8.97 2.03
1 8 .04 8.975 2.03 9.23 2.03
1 8 .06 9.61 1.855 10.78 1.855
1 8 .06 10.78 1.855 10.9 2.025
1 8 .06 9.96 2.015 10.26 2.255
1 8 .06 10.26 2.255 10.26 2.455
1 8 .06 10.25 2.89 10.25 3.105
1 8 .06 9.4 2.825 10.005 2.825
1 8 .06 10.005 2.825 10.255 2.9
1 8 .06 9.995 3.1 10.26 3.1
1 8 .06 9.6 3.1 9.075 3.1
1 8 .04 10.25 3.1 10.25 3.865
1 8 .04 10.25 3.865 10.005 3.995
1 8 .06 10.6 3.1 10.495 2.9
1 8 .06 10.495 2.9 10.255 2.9
1 8 .06 9.075 2.425 9.075 3.105
1 8 .06 9.075 4.33 9.075 3.525
1 8 .06 9.595 3.525 9.595 3.095
1 8 .015 10.495 2.6 10.535 2.56
1 8 .015 10.535 2.56 10.75 2.56
1 8 .015 10.545 2.75 10.75 2.75
1 8 .015 10.595 2.6 10.64 2.63
1 8 .015 10.64 2.63 10.8 2.63
1 8 .015 10.495 2.7 10.545 2.75
1 8 .015 10.8 2.825 10.765 2.855
1 8 .015 10.765 2.855 10.54 2.855
1 8 .015 10.54 2.855 10.495 2.805
1 8 .015 10.6 3.4 10.8 3.22
1 8 .015 10.6 3.305 10.8 3.125
1 8 .015 10.6 3.2 10.795 3.025
1 8 .08 9.585 2.315 9.585 1.865
1 8 .08 9.46 2.015 9.71 2.015
1 8 .015 10.8 4.325 10.775 4.35
1 8 .015 10.775 4.35 10.425 4.35
1 8 .015 10.425 4.35 10.4 4.4
1 8 .015 10.8 4.225 10.45 4.225
1 8 .015 10.8 4.125 10.725 4.2
1 8 .015 10.8 4.025 10.65 4.175
1 8 .015 10.65 4.175 10.3 4.175
1 8 .015 10.8 3.925 10.575 4.15
1 8 .015 10.575 4.15 10.25 4.15
1 8 .015 10.25 4.15 10.15 4.25
1 8 .015 10.15 4.25 10.15 4.35
1 8 .015 10.15 4.35 10.2 4.4
1 8 .015 10.8 3.825 10.5 4.125
1 8 .015 10.8 3.725 10.425 4.1
1 8 .015 9.95 4.35 10.0 4.4
1 8 .015 10.8 3.625 10.35 4.075
1 8 .015 10.35 4.075 10.1 4.075
1 8 .015 10.3 4.175 10.2 4.275
1 8 .015 10.725 4.2 10.375 4.2
1 8 .015 10.375 4.2 10.29998 4.275
1 8 .015 10.45 4.225 10.4 4.275
1 8 .015 10.0 4.275 10.15 4.125
1 8 .015 10.15 4.125 10.5 4.125
1 8 .015 10.1 4.075 9.9 4.275
1 8 .015 10.425 4.1 10.125 4.1
1 8 .015 10.125 4.1 9.95 4.275
1 8 .015 9.95 4.275 9.95 4.35
1 8 .015 9.175 4.325 9.275 4.225
1 8 .015 9.275 4.225 9.7 4.225
1 8 .015 9.7 4.225 9.75 4.275
1 8 .015 9.75 4.275 9.75 4.35
1 8 .015 9.75 4.35 9.8 4.4
1 8 .015 9.175 4.225 9.225 4.175
1 8 .015 9.225 4.175 9.7 4.175
1 8 .015 9.7 4.175 9.8 4.3
1 8 .04 9.775 4.0 9.825 3.925
1 8 .04 9.775 4.0 10.0 4.0
1 8 .015 10.0 2.525 10.0 2.425
1 8 .06 11.2 7.42498 11.2 5.525
1 8 .04 9.2 5.2 9.2 7.45
1 8 .04 9.2 7.45 9.3 7.54998
1 8 .04 9.7 7.4 9.8 7.4
1 8 .04 9.8 7.4 9.8 7.49998
1 8 .04 9.8 7.49998 9.7 7.49998
1 8 .04 9.7 7.49998 9.65 7.54998
1 8 .04 9.65 7.54998 9.3 7.54998
1 8 .04 10.0 7.4 9.9 7.4
1 8 .04 9.9 7.4 9.9 7.49998
1 8 .04 9.9 7.49998 10.0 7.49998
1 8 .04 10.0 7.49998 10.075 7.575
1 8 .04 10.075 7.575 11.025 7.575
1 8 .04 11.025 7.575 11.2 7.45
1 8 .06 11.2 5.12498 11.2 5.525
1 8 .06 9.375 5.525 9.375 5.45
1 8 .06 9.375 5.45 9.4 5.42498
1 8 .06 9.4 5.42498 9.79998 5.42498
1 8 .015 9.475 5.525 9.625 5.62498
1 8 .015 9.625 5.62498 9.7 5.62498
1 8 .015 9.7 5.62498 9.7 5.525
1 8 .015 9.8 5.62498 9.8 5.525
1 8 .015 9.9 5.62498 9.9 5.525
1 8 .015 10.0 5.62498 10.0 5.525
1 8 .015 10.1 5.62498 10.1 5.525
1 8 .015 9.8 5.62498 9.75 5.67498
1 8 .015 9.75 5.67498 9.625 5.67498
1 8 .015 9.9 5.62498 9.83498 5.71
1 8 .015 9.83498 5.71 9.51 5.71
1 8 .015 10.0 5.62498 9.87002 5.745
1 8 .015 9.87002 5.745 9.54502 5.745
1 8 .015 10.1 5.62498 9.93 5.77998
1 8 .015 9.93 5.77998 9.63 5.77998
1 8 .015 9.625 5.67498 9.525 5.67498
1 8 .015 9.525 5.67498 9.475 5.62498
1 8 .06 9.8 5.42498 10.3 5.42498
1 8 .015 10.925 6.4 10.9 6.4
1 8 .015 9.475 6.725 9.7 6.725
1 8 .015 9.7 6.725 9.75 6.67498
1 8 .015 9.75 6.67498 10.075 6.67498
1 8 .015 10.075 6.67498 10.125 6.725
1 8 .015 9.475 6.92498 9.7 6.92498
1 8 .015 9.7 6.92498 9.75 6.87498
1 8 .015 9.75 6.87498 10.075 6.87498
1 8 .015 10.075 6.87498 10.125 6.92498
1 8 .015 9.475 7.025 9.425 6.975
1 8 .015 9.425 6.975 9.425 6.9
1 8 .015 9.425 6.9 9.45 6.87498
1 8 .015 9.45 6.87498 9.65 6.87498
1 8 .015 9.65 6.87498 9.7 6.825
1 8 .06 10.225 6.62498 9.375 6.62498
1 8 .015 9.475 6.825 9.6 6.825
1 8 .015 9.6 6.825 9.65 6.775
1 8 .015 9.65 6.775 10.075 6.775
1 8 .015 10.075 6.775 10.125 6.825
1 8 .06 10.8 6.6 11.2 6.6
1 8 .015 10.2 5.63496 10.2 5.525
1 8 .015 10.2 5.63496 9.99 5.81998
1 8 .015 9.99 5.81998 9.7 5.82
1 8 .015 9.475 5.725 9.51 5.71
1 8 .015 10.3 5.62498 10.035 5.85998
1 8 .015 10.035 5.85998 9.66 5.85998
1 8 .015 9.475 5.82 9.545 5.745
1 8 .015 9.474 5.92898 9.594 5.77998
1 8 .015 9.594 5.77998 9.63 5.77998
1 8 .015 9.7 5.82004 9.625 5.82004
1 8 .015 9.625 5.82004 9.475 6.025
1 8 .015 9.475 6.12998 9.66 5.85998
1 8 .015 10.205 5.62498 10.2 5.63496
1 8 .015 10.2 5.62498 10.205 5.62498
1 8 .04 9.698 7.02798 9.762 7.1
1 8 .04 9.762 7.1 10.069 7.1
1 8 .015 9.485 5.92898 9.474 5.92898
1 8 .015 9.475 5.92498 9.485 5.92898
1 8 .04 10.791 5.60198 10.894 5.60198
1 8 .04 10.894 5.60198 11.005 5.39698
1 8 .04 11.005 5.39698 11.21 5.39698
1 8 .015 11.05 5.85 11.1 5.825
1 8 .015 11.05 5.65498 11.105 5.62998
1 8 .04 9.2 5.2 9.27 5.12998
1 8 .04 9.275 5.12998 9.53 5.12998
1 8 .06 9.91 4.95498 11.08 4.95498
1 8 .06 11.08 4.95498 11.2 5.12498
1 8 .06 10.26 5.115 10.56 5.355
1 8 .06 10.56 5.355 10.56 5.555
1 8 .06 10.55 5.99 10.55 6.20498
1 8 .06 9.7 5.92498 10.305 5.92498
1 8 .06 10.305 5.92498 10.555 5.99998
1 8 .06 10.295 6.2 10.56 6.2
1 8 .06 9.9 6.2 9.375 6.2
1 8 .04 10.55 6.2 10.55 6.965
1 8 .04 10.55 6.965 10.305 7.09498
1 8 .06 10.9 6.2 10.795 5.99998
1 8 .06 10.795 5.99998 10.555 5.99998
1 8 .06 9.375 5.525 9.375 6.20498
1 8 .06 9.375 7.43 9.375 6.62498
1 8 .06 9.895 6.62498 9.895 6.195
1 8 .015 10.795 5.7 10.835 5.65998
1 8 .015 10.835 5.65998 11.05 5.65998
1 8 .015 10.845 5.85 11.05 5.85
1 8 .015 10.895 5.7 10.94 5.73
1 8 .015 10.94 5.73 11.1 5.73
1 8 .015 10.795 5.79998 10.845 5.85
1 8 .015 11.1 5.92498 11.065 5.95498
1 8 .015 11.065 5.95498 10.84 5.95498
1 8 .015 10.84 5.95498 10.795 5.90498
1 8 .015 10.9 6.49998 11.1 6.32
1 8 .015 10.9 6.40498 11.1 6.225
1 8 .015 10.9 6.29998 11.095 6.12498
1 8 .08 9.885 5.415 9.885 4.965
1 8 .08 9.76 5.115 10.01 5.115
1 8 .015 11.1 7.42498 11.075 7.45
1 8 .015 11.1 7.12498 10.95 7.275
1 8 .015 10.95 7.275 10.6 7.275
1 8 .015 11.1 7.025 10.875 7.24998
1 8 .015 10.875 7.24998 10.55 7.24998
1 8 .015 10.55 7.24998 10.45 7.35
1 8 .015 10.45 7.35 10.45 7.45
1 8 .015 10.45 7.45 10.5 7.49998
1 8 .015 11.1 6.92498 10.8 7.225
1 8 .015 11.1 6.825 10.725 7.2
1 8 .015 10.25 7.45 10.3 7.49998
1 8 .015 11.1 6.725 10.65 7.17498
1 8 .015 10.65 7.17498 10.4 7.17498
1 8 .015 10.6 7.275 10.5 7.37498
1 8 .015 10.3 7.37498 10.45 7.225
1 8 .015 10.45 7.225 10.8 7.225
1 8 .015 10.4 7.17498 10.2 7.37498
1 8 .015 10.725 7.2 10.425 7.2
1 8 .015 10.425 7.2 10.25 7.37498
1 8 .015 10.25 7.37498 10.25 7.45
1 8 .015 9.475 7.42498 9.575 7.325
1 8 .015 9.575 7.325 10.0 7.325
1 8 .015 10.0 7.325 10.05 7.37498
1 8 .015 10.05 7.37498 10.05 7.45
1 8 .015 10.05 7.45 10.1 7.49998
1 8 .015 9.475 7.325 9.525 7.275
1 8 .015 9.525 7.275 10.0 7.275
1 8 .015 10.0 7.275 10.1 7.4
1 8 .04 10.075 7.1 10.125 7.025
1 8 .04 10.075 7.1 10.3 7.1
1 8 .015 10.3 5.62498 10.3 5.525
1 8 .015 11.1 7.425 11.05 7.45
1 8 .015 11.05 7.45 10.65 7.45
1 8 .015 10.65 7.45 10.6 7.4
1 8 .015 10.75 7.325 10.7 7.375
1 8 .015 10.75 7.325 11.1 7.325

END OF FILE
